Date,Open,High,Low,Close,Volume,Dividends,Stock Splits
2016-06-27,34.762645366777605,35.554703917935136,34.48262223144705,35.25868225097656,3161220,0.0,0
2016-06-28,34.6826401635765,35.4667025622849,34.538628951731305,35.362693786621094,2643954,0.0,0
2016-06-29,36.06674878683885,36.19475841567986,35.70672075197656,35.86673355102539,2418836,0.0,0
2016-06-30,36.45077192914323,36.75479284223651,36.10674553359942,36.402767181396484,2160899,0.0,0
2016-07-01,37.01081708730391,37.45885230450074,36.74279740961922,36.85880661010742,2000191,0.0,0
2016-07-04,36.85880252369196,38.38691860058341,36.85880252369196,38.226905822753906,2105030,0.0,0
2016-07-05,38.39491693042144,38.59093096061011,38.05089056201462,38.218902587890625,1958477,0.0,0
2016-07-06,37.402846688209664,37.73887079777951,37.12282659690146,37.45085144042969,2010155,0.0,0
2016-07-07,38.122900031565315,38.234908060214565,37.57885841927762,37.906883239746094,2096555,0.0,0
2016-07-08,37.6028619707453,38.642940521240234,37.594862704691,38.642940521240234,2222209,0.0,0
2016-07-11,38.88295715085827,39.619014739990234,38.8509570354969,39.619014739990234,2360318,0.0,0
2016-07-12,39.81903577991033,39.971046269069944,39.475009310557624,39.523014068603516,1938453,0.0,0
2016-07-13,39.96303775930006,40.791100569134656,39.92303532950891,40.6270866394043,2044134,0.0,0
2016-07-14,40.259065691514195,40.44307933889231,39.88303607835572,40.16305923461914,1367348,0.0,0
2016-07-15,40.3230659825841,40.83510441187575,40.3230659825841,40.44307327270508,1232317,0.0,0
2016-07-18,40.40307751124096,40.4590815329389,40.02704789242024,40.115055084228516,1236206,0.0,0
2016-07-19,39.68301901640975,40.4830799082889,39.138977365772725,39.194984436035156,1992147,0.0,0
2016-07-20,38.402923583984375,38.794954771779885,38.15490360378802,38.402923583984375,2481601,0.0,0
2016-07-21,38.562935228987655,38.98696652097848,38.40292244174902,38.81895446777344,2400732,0.0,0
2016-07-22,38.802955613333125,39.33899497850012,38.53093477148994,38.682945251464844,1880829,0.0,0
2016-07-25,38.64294034531441,38.874958735704176,38.3149155027596,38.514930725097656,1472423,0.0,0
2016-07-26,38.38692103203424,38.946964263916016,38.162904960077555,38.946964263916016,1771267,0.0,0
2016-07-27,39.547008848455256,39.99504403210804,39.338991314191816,39.68301773071289,2239156,0.0,0
2016-07-28,39.86703594005622,40.731100121295675,39.86703594005622,40.51508331298828,2426956,0.0,0
2016-07-29,40.763100312003374,40.763100312003374,39.61501191060196,39.65101623535156,5668169,0.0,0
2016-08-01,40.00304101213972,40.31506424371604,39.72302094585067,39.763023376464844,1523718,0.0,0
2016-08-02,39.87503226366424,40.13905075300836,39.52300659387544,39.531005859375,2404218,0.0,0
2016-08-03,39.61101087727833,40.379071603806366,39.539005279541016,39.539005279541016,2343342,0.0,0
2016-08-04,39.76302735070462,40.44307789508484,38.80295366005774,38.89896011352539,2843361,0.0,0
2016-08-05,39.12297785400371,39.81102764011856,38.99496823658815,39.619014739990234,2210661,0.0,0
2016-08-08,39.84303317912855,40.37907558220728,39.44300271939434,40.09905242919922,1791351,0.0,0
2016-08-09,40.323072104464316,40.77910659053706,40.15505698960312,40.72310256958008,2391261,0.0,0
2016-08-10,40.08304636100883,40.55508237277436,40.027042347069695,40.459075927734375,2666575,0.0,0
2016-08-11,39.71536398374418,40.33060265316578,39.42393400261364,40.241554260253906,3603228,0.5913,0
2016-08-12,40.63822767155299,40.80013357624011,40.13632214631137,40.265846252441406,2063222,0.0,0
2016-08-15,39.262025983773405,39.37535917292988,38.549641967235495,38.889644622802734,2947399,0.0,0
2016-08-16,39.12441618601689,39.367273511933696,38.86536487186072,39.229652404785156,1969275,0.0,0
2016-08-17,39.739650243595285,40.20917393967146,39.66679274564059,40.1201286315918,2473030,0.0,0
2016-08-18,40.11203682132929,40.20108522901303,39.88537039311504,39.925846099853516,1318054,0.0,0
2016-08-19,39.950130379092364,40.476323824044314,39.950130379092364,40.30632400512695,1451003,0.0,0
2016-08-22,40.06346826258221,40.2496589889568,39.71941702600672,39.828704833984375,1133559,0.0,0
2016-08-23,39.66679206042107,40.12822184346385,39.4886952711421,39.70726776123047,1711202,0.0,0
2016-08-24,40.217271352576525,40.41965295032979,39.99060495128427,40.330604553222656,1731278,0.0,0
2016-08-25,39.75584250735469,39.99060590750549,39.23774609881376,39.747745513916016,2076111,0.0,0
2016-08-26,39.70727455785871,39.95822888678924,39.46441722333482,39.52108383178711,2940447,0.0,0
2016-08-29,39.666793430135336,39.77203272635215,38.87345793210441,39.278221130371094,1281822,0.0,0
2016-08-30,39.35108631994496,39.78823140064757,39.35108631994496,39.58584976196289,969824,0.0,0
2016-08-31,39.043457384940425,39.043457384940425,38.17726439544674,38.53345489501953,3058231,0.0,0
2016-09-01,38.29060119124005,38.30679209111793,37.90202885846613,38.039649963378906,2090141,0.0,0
2016-09-02,38.45250380041529,38.5496461032436,37.98297700856523,38.37964630126953,1852169,0.0,0
2016-09-05,38.93821716308594,39.100123054711055,38.69535986969728,38.93821716308594,1169811,0.0,0
2016-09-06,38.93821931259308,39.37536431768321,38.31488669078829,39.28631591796875,1311030,0.0,0
2016-09-07,39.54536952347422,39.54536952347422,38.90584591547761,38.98679733276367,1975421,0.0,0
2016-09-08,38.61441444553968,38.97060499177568,38.306793512641285,38.87346267700195,2067330,0.0,0
2016-09-09,38.87346329163475,39.504892979795336,38.71965436680292,39.342987060546875,1849477,0.0,0
2016-09-12,38.55774309653654,38.80869430285119,38.3148857954167,38.37964630126953,1508948,0.0,0
2016-09-13,38.91393567584284,39.43203210270926,38.379648349624574,38.42012405395508,1954333,0.0,0
2016-09-14,38.29060107000298,38.29060107000298,37.63488661156619,37.910125732421875,2255639,0.0,0
2016-09-15,37.95060315569033,38.16917568109527,37.75631543707533,38.10441207885742,1568607,0.0,0
2016-09-16,38.339176051217585,38.42012746707005,37.66322215574392,37.723934173583984,2112930,0.0,0
2016-09-19,37.72392963290156,37.88583553321708,37.65107213216449,37.66726303100586,317183,0.0,0
2016-09-20,38.19345546984878,38.3958370681044,37.96678906799388,38.2501220703125,2730444,0.0,0
2016-09-21,38.25012464813122,38.711554476203666,38.104409640519044,38.573936462402344,1928590,0.0,0
2016-09-22,39.26203566044078,40.02298946668023,39.120369139079514,39.828704833984375,3952281,0.0,0
2016-09-23,39.78822664293654,40.63013181223825,39.78822664293654,40.532989501953125,2438143,0.0,0
2016-09-26,40.46822835671848,41.02680049222431,40.16870134854587,40.78394317626953,1896630,0.0,0
2016-09-27,40.3953678386429,40.67870083809688,40.02298335466299,40.484413146972656,2406189,0.0,0
2016-09-28,40.314416267756314,40.816321798047284,40.24965575808892,40.476322174072266,2103418,0.0,0
2016-09-29,41.366797014576136,42.09537199589822,41.23727291657422,41.973941802978516,2868836,0.0,0
2016-09-30,41.561090560748404,41.96585381003965,41.342518035559316,41.7796630859375,3815074,0.0,0
2016-10-03,41.771559175819036,42.147989058861214,41.56917758468018,42.01441955566406,1572821,0.0,0
2016-10-04,41.93347328575839,42.516333370676435,41.844424874107176,42.483951568603516,2100461,0.0,0
2016-10-05,41.552989774915325,42.20061024894004,41.552989774915325,42.01441955566406,1639909,0.0,0
2016-10-06,42.25727932462355,42.55680323240034,42.119658228770525,42.26537322998047,1125505,0.0,0
2016-10-07,42.09537124633789,42.51632532937304,41.84846545640288,42.09537124633789,1908166,0.0,0
2016-10-10,42.27346611537279,42.463705297804104,41.90513015141465,42.184417724609375,2026592,0.0,0
2016-10-11,42.72680030143444,43.115372583742946,42.572991404717946,43.066802978515625,2382061,0.0,0
2016-10-12,41.998234619527345,42.904903411865234,41.86871050633622,42.904903411865234,2510988,0.0,0
2016-10-13,42.41918470213262,42.492042201840135,41.57727650286751,41.747276306152344,3195795,0.0,0
2016-10-14,40.96203316339225,41.4720356421138,40.889175666432024,41.32632064819336,2699141,0.0,0
2016-10-17,40.96203862254521,41.35870795621592,40.84061150349385,40.97822952270508,1459701,0.0,0
2016-10-18,40.881078717381364,41.103699688210185,40.69488803636899,40.97012710571289,1976463,0.0,0
2016-10-19,41.36679769781838,41.36679769781838,40.81631950019363,41.07537078857422,1546861,0.0,0
2016-10-20,41.13203664050078,41.37489393783168,41.03489125108996,41.25346374511719,2068778,0.0,0
2016-10-21,41.43156731492786,41.61775804294165,40.97013744808962,41.24537658691406,1347466,0.0,0
2016-10-24,41.374892157213594,41.625843348813035,41.221080174648314,41.4720344543457,1468301,0.0,0
2016-10-25,41.85252186867471,42.540618178181816,41.65823414433582,42.483951568603516,2492944,0.0,0
2016-10-26,42.896804196377616,43.358233985514715,42.548707606242886,43.20442199707031,3874422,0.0,0
2016-10-27,43.47157413732212,43.67395576450882,42.95347766581995,43.147762298583984,4044855,0.0,0
2016-10-28,43.649661001815396,43.868233495360236,43.099185903526056,43.51204299926758,3216918,0.0,0
2016-10-31,43.835856949702226,44.28109586380843,43.73871155571314,43.86014175415039,1853776,0.0,0
2016-11-01,43.7306201328852,44.17585907226797,43.54442941598326,43.87633514404297,1847285,0.0,0
2016-11-02,43.584899748862625,44.19204452447563,43.39061206190333,43.63347244262695,2182993,0.0,0
2016-11-03,42.98584396201151,43.738703644717376,42.98584396201151,43.42298889160156,1527695,0.0,0
2016-11-04,43.22871459176714,43.66585653718173,42.96966636926278,43.15585708618164,1291929,0.0,0
2016-11-07,43.244898817709974,43.90871330694442,43.244898817709974,43.649662017822266,1949936,0.0,0
2016-11-08,44.05442730945152,44.758717534514275,44.05442730945152,44.35395431518555,2090417,0.0,0
2016-11-09,44.783004460727355,45.155385899004855,42.11156770423898,43.49585723876953,4102340,0.0,0
2016-11-10,46.563961959530666,47.567773032182885,46.402056051267884,47.05777359008789,5868043,0.0,0
2016-11-11,47.52729971511466,48.482541224952264,47.52729971511466,48.20730209350586,4180958,0.0,0
2016-11-14,48.29635243922555,48.320637246824845,47.26825338017414,48.118255615234375,2611756,0.0,0
2016-11-15,47.770157748730796,48.49063893289914,47.51920650831463,47.721588134765625,2418024,0.0,0
2016-11-16,47.08205604256855,47.24396194274009,45.85967251806492,46.09443283081055,3010839,0.0,0
2016-11-17,45.54395297005713,46.66919723695429,45.54395297005713,46.62062454223633,2068318,0.0,0
2016-11-18,46.62062839293798,46.77848580368723,46.35348318207105,46.44253158569336,1753001,0.0,0
2016-11-21,46.14300634839014,46.60443616482618,45.77871883854636,46.45872116088867,1857916,0.0,0
2016-11-22,46.693481807631635,47.689198883653454,46.5477668123018,47.494911193847656,2285328,0.0,0
2016-11-23,47.90777817928795,48.761828877814594,47.729681362352046,48.69301986694336,2452292,0.0,0
2016-11-24,48.73349027551973,49.0977777759642,47.90777297054499,48.8144416809082,2225044,0.0,0
2016-11-25,49.033017767205735,50.142068160248726,48.64849393134107,49.99635314941406,6298927,0.0,0
2016-11-28,49.38111319303536,49.89920962424361,49.211113380563596,49.42158889770508,2198403,0.0,0
2016-11-29,48.81444489379738,49.59968654776124,48.81444489379738,48.88730239868164,1903867,0.0,0
2016-11-30,47.673016138776966,48.17492171514147,46.75015640258789,46.75015640258789,4746632,0.0,0
2016-12-01,47.31681777528287,47.96443826503931,47.07396047763647,47.51919937133789,3310408,0.0,0
2016-12-02,47.92396726123428,48.021109572195684,46.766344171274774,46.98491668701172,2163932,0.0,0
2016-12-05,47.60015137147715,47.923963164465356,47.30062747022684,47.44634246826172,1786155,0.0,0
2016-12-06,48.2234895282217,48.854919159884375,47.79444150548663,47.87539291381836,2627405,0.0,0
2016-12-07,48.199202335000905,49.40539493510578,48.126344835873226,49.243492126464844,2234420,0.0,0
2016-12-08,50.59540261171459,51.291595845747516,50.40921190067528,50.781593322753906,2939004,0.0,0
2016-12-09,51.00016421768994,51.14587921964549,50.41730420986777,50.71683120727539,2138549,0.0,0
2016-12-12,50.870645385115935,51.35636004989173,50.830169677734375,50.830169677734375,1139824,0.0,0
2016-12-13,50.35254685486458,50.55492847157376,49.46206588848513,49.58349609375,2364645,0.0,0
2016-12-14,48.782059087168435,49.87492157066136,48.782059087168435,49.34872817993164,1905342,0.0,0
2016-12-15,49.219206538597504,49.219206538597504,48.44206190359029,48.64444351196289,1914959,0.0,0
2016-12-16,48.16682599305981,49.09778268866927,47.66492043561483,47.996826171875,2411994,0.0,0
2016-12-19,48.15063548598147,48.73754404691053,47.98063566340829,48.20730209350586,1785774,0.0,0
2016-12-20,48.08587429593794,48.32063462890908,47.697298866809696,47.972537994384766,1486371,0.0,0
2016-12-21,48.54730076369409,48.84682467669768,48.474443261817726,48.66872787475586,1935402,0.0,0
2016-12-22,48.56349210385316,49.00873102465324,48.41777709877702,48.64444351196289,1328192,0.0,0
2016-12-23,48.46634838634518,48.636351290218485,47.37348889853681,47.575870513916016,6178958,0.0,0
2016-12-28,48.08586543885942,48.95205836854347,48.08586543885942,48.709197998046875,1342228,0.0,0
2016-12-29,48.61205466439825,49.292056893449136,48.61205466439825,49.162532806396484,1156682,0.0,0
2016-12-30,48.887297297977966,49.13825158597316,48.490631103515625,48.490631103515625,710680,0.0,0
2017-01-03,48.79825621936874,49.462067699430996,48.70111390445923,49.364925384521484,958869,0.0,0
2017-01-04,48.89540100097656,49.17873403590287,48.70111328552819,48.89540100097656,1631071,0.0,0
2017-01-05,49.24349791589212,49.50254614589099,48.935876984731536,48.97635269165039,1133891,0.0,0
2017-01-06,48.92777386670053,49.332537061426,48.506819773614254,48.676822662353516,969346,0.0,0
2017-01-09,48.28825530963824,48.49873083368036,47.72158616138856,48.04539489746094,2190726,0.0,0
2017-01-10,47.76205814972995,48.83468125969522,47.73777334564185,48.53110885620117,1569215,0.0,0
2017-01-11,50.19064617591904,50.846363794126425,50.125882569533694,50.41731262207031,2591456,0.0,0
2017-01-12,50.813972758643295,51.275402561957094,50.59540025895284,50.89492416381836,1766506,0.0,0
2017-01-13,50.87873512985985,51.073022832738026,50.0368299856498,50.26349639892578,4949458,0.0,0
2017-01-16,51.00016400422283,51.24302131043283,50.69254310270447,51.178260803222656,1604829,0.0,0
2017-01-17,51.25111673603979,51.88254324239085,50.53063565671676,50.75730514526367,3171740,0.0,0
2017-01-18,50.67635367105108,51.11349868774414,50.33635405013312,51.11349868774414,2040350,0.0,0
2017-01-19,52.01207065290229,52.01207065290229,51.024447467099364,51.4292106628418,1838391,0.0,0
2017-01-20,51.00016010344543,51.19039928999047,50.166348950262986,50.45777893066406,1862833,0.0,0
2017-01-23,50.47397509321973,51.24302587141739,50.174451158504304,50.51445388793945,1753481,0.0,0
2017-01-24,51.10540169650235,52.424930572509766,51.02444720491098,52.424930572509766,3213780,0.0,0
2017-01-25,53.32351246648552,54.424468994140625,53.32351246648552,54.424468994140625,6186861,0.0,0
2017-01-27,54.47303209193998,55.30684329413823,54.0682688927217,54.92636489868164,3151016,0.0,0
2017-01-30,54.035889112945405,55.3797059490926,53.88207711511744,54.910179138183594,1851002,0.0,0
2017-01-31,54.1573181426434,54.42446334061727,53.85779114707908,53.97922134399414,2604369,0.0,0
2017-02-01,54.23826716013431,54.65517274943369,53.930649360865644,54.27064895629883,2201216,0.0,0
2017-02-02,54.80493624228739,54.99922703022806,54.213985413508084,54.39208221435547,1850515,0.0,0
2017-02-03,53.63112544744219,54.060173462830285,52.07683619978082,52.238739013671875,2285979,0.0,0
2017-02-06,51.72064775283654,52.78922248913427,51.56279033189019,52.530174255371094,2359809,0.0,0
2017-02-07,52.15779172713628,53.1292210396174,52.12540992656065,52.748748779296875,2275447,0.0,0
2017-02-08,52.886361595154305,53.493506399756335,52.55445280406429,53.177791595458984,1966967,0.0,0
2017-02-09,52.6192240514061,53.14541752715961,52.384460618340775,52.82160568237305,2015958,0.0,0
2017-02-10,53.064461874347046,53.57446132024401,52.805413654434766,53.388267517089844,1590376,0.0,0
2017-02-13,54.64303141016829,55.379703390790674,54.36779540171349,55.30684280395508,2417698,0.0,0
2017-02-14,56.2135188754746,56.50494889266471,55.46065902709961,55.46065902709961,2463078,0.0,0
2017-02-15,55.590181981223544,55.79256360152175,55.331133754289716,55.371612548828125,1515117,0.0,0
2017-02-16,55.962564002349175,56.10827901752435,55.62256435900608,56.075897216796875,2968522,0.0,0
2017-02-17,55.50922578583248,55.73589219284605,54.78065078029143,54.8777961730957,2302206,0.0,0
2017-02-20,54.8778045746776,55.1530406321327,54.400180707179715,54.75637435913086,1645803,0.0,0
2017-02-21,55.177314341086245,55.85731345333567,54.97493277060314,55.84921646118164,1853444,0.0,0
2017-02-22,56.38351929841993,56.38351929841993,55.663041241528866,56.16494369506836,2685446,0.0,0
2017-02-23,55.60631630720284,55.63118765978972,54.24662754591829,54.387569427490234,8454304,1.6362,0
2017-02-24,53.2848848934792,53.29317745152443,52.049559410214925,52.132469177246094,5212917,0.0,0
2017-02-27,51.97494483942485,52.30657759901442,50.91372506903324,51.80913162231445,3056135,0.0,0
2017-02-28,51.9003276579429,51.983237429232474,51.39459228515625,51.39459228515625,2366455,0.0,0
2017-03-01,50.7810694572656,51.576984235837315,50.76448750404317,50.880558013916016,3098260,0.0,0
2017-03-02,52.40606272008947,52.88692987364533,52.248538909106095,52.67136764526367,3071974,0.0,0
2017-03-03,51.402883390236525,51.527246469964126,50.407988240469244,50.507476806640625,2774356,0.0,0
2017-03-06,51.18732188208007,51.659896502398404,51.046376854209434,51.51066207885742,1735887,0.0,0
2017-03-07,50.90543448118608,51.552114868289436,50.71474359314268,51.07954025268555,2105063,0.0,0
2017-03-08,50.65671071937662,51.18732377979668,50.582093504839776,50.89714431762695,1438208,0.0,0
2017-03-09,50.14268096068368,50.55722032361527,49.48770800820751,49.86079406738281,1809579,0.0,0
2017-03-10,49.66181337108665,49.827626574181465,48.76640689349086,48.890769958496094,2527906,0.0,0
2017-03-13,48.91564541086308,49.12291509480742,48.26067245055473,49.04829788208008,2311282,0.0,0
2017-03-14,50.57380304416688,50.615256348551455,49.26385711936061,49.33018493652344,3468415,0.0,0
2017-03-15,49.910537060605684,50.515764116174786,49.84420924826071,50.432857513427734,2525214,0.0,0
2017-03-16,51.9003289640085,52.190508426797756,51.402882974490446,51.593570709228516,4016753,0.0,0
2017-03-17,51.900325999942936,52.207087399888024,51.75109157907351,52.17392349243164,5032665,0.0,0
2017-03-20,52.066145154811984,52.17392627845846,51.518953303299455,51.72622299194336,826393,0.0,0
2017-03-21,51.55211811973196,51.77596976692882,50.95518039387368,51.071250915527344,1555326,0.0,0
2017-03-22,49.72814613282729,50.20072079665212,49.45455177293722,49.744728088378906,2398703,0.0,0
2017-03-23,49.96028718518064,50.656713504925335,49.736438691945416,49.744728088378906,2155647,0.0,0
2017-03-24,49.91053945233262,50.35824271906274,49.520871442843344,49.83592224121094,1519352,0.0,0
2017-03-27,48.9488062268717,49.330181662190654,48.77470046240229,48.93222427368164,2049479,0.0,0
2017-03-28,48.865901904598275,49.76130850050527,48.857612508421894,49.68669128417969,2380624,0.0,0
2017-03-29,50.01832568708825,50.37482666259441,49.89396260160415,50.03490447998047,1653389,0.0,0
2017-03-30,50.47431831489609,50.69816997079674,50.08465026617814,50.150978088378906,2348819,0.0,0
2017-03-31,50.24217297106868,50.48260657711762,49.83592613861247,50.126102447509766,5188149,0.0,0
2017-04-03,49.82763082366979,50.10951772072913,49.48770866804098,49.753013610839844,1309428,0.0,0
2017-04-04,49.49599926994485,50.068062437238005,49.338472292039526,49.66181564331055,1700892,0.0,0
2017-04-05,50.52405468555907,51.24949854584968,50.39554849950941,51.170738220214844,2636084,0.0,0
2017-04-06,50.615260469910574,50.631842425551476,49.98516196897978,50.308502197265625,2112487,0.0,0
2017-04-07,50.3996971762609,50.432861084781855,49.404802059422984,49.753013610839844,2996123,0.0,0
2017-04-10,49.91883017356081,50.5820925329868,49.827631006136414,50.4411506652832,2075867,0.0,0
2017-04-11,50.86397587699911,51.825707021637704,50.82252257543483,51.42774963378906,3187183,0.0,0
2017-04-12,51.56869153986153,51.56869153986153,50.91371866157643,51.311676025390625,1524943,0.0,0
2017-04-13,49.29702476389166,49.554040330848814,48.70423329448318,49.04001235961914,3239516,0.0,0
2017-04-18,48.459649146330776,48.60888356072246,47.821258187585045,48.08656311035156,3199038,0.0,0
2017-04-19,47.8046854524218,49.00685039452253,47.779814099455464,48.83274459838867,3211201,0.0,0
2017-04-20,49.12291121423502,49.545739944498045,48.360160355663545,48.64204406738281,1746558,0.0,0
2017-04-21,49.68669095510205,50.117812295162906,49.53745652343927,49.94370651245117,2656198,0.0,0
2017-04-24,49.910544144637264,50.3250835425783,49.24728174046854,49.59549331665039,1827234,0.0,0
2017-04-26,50.61526013323234,50.68987735177772,49.802763288340834,50.15926742553711,2375380,0.0,0
2017-04-27,50.21730187311762,50.24217322466734,49.33847722037418,49.57891082763672,1899073,0.0,0
2017-04-28,49.12291735607139,50.16341210292043,48.86590179758289,50.109519958496094,4265300,0.0,0
2017-05-01,50.10951791127377,50.39969736790896,49.42967359743099,49.620361328125,1355524,0.0,0
2017-05-02,49.844215589232824,50.10123115073977,49.50429341443179,49.71156311035156,1837784,0.0,0
2017-05-03,49.4877137980128,49.65353019512196,48.816161975613525,49.238990783691406,1919827,0.0,0
2017-05-04,48.41820312718511,48.91564914151651,47.96220725758259,48.35187530517578,2469103,0.0,0
2017-05-05,47.721773352752784,47.87100777877924,47.02534708552413,47.38185119628906,2859034,0.0,0
2017-05-08,48.501105727323115,48.96539095490318,47.96220328750133,48.48452377319336,2205823,0.0,0
2017-05-09,48.48452725273247,48.782996123119254,48.128023120068775,48.74154281616211,1471650,0.0,0
2017-05-10,48.592309060361,49.78618139591563,48.49282048973595,49.744728088378906,2375473,0.0,0
2017-05-11,49.75301201364117,50.059773413585596,49.147784934642836,49.39651107788086,2681928,0.0,0
2017-05-12,49.29702391356313,49.951996914305376,49.25557060675207,49.57891082763672,1852578,0.0,0
2017-05-15,49.3301909678312,49.60378850305241,49.01514012315718,49.28044509887695,1357113,0.0,0
2017-05-16,49.78617613641196,50.01832032692581,49.462835944025294,49.976863861083984,2014553,0.0,0
2017-05-17,50.399695900220536,51.228774616147106,50.300204177176646,51.08782958984375,2404759,0.0,0
2017-05-18,50.70645129849897,51.41945946027574,50.65670543976426,51.24535369873047,2916037,0.0,0
2017-05-19,51.46091493356949,52.67136908305456,51.41116907273483,52.43922805786133,2865319,0.0,0
2017-05-22,53.40925445793917,54.424874716780785,53.309769050771514,54.05593490600586,3531603,0.0,0
2017-05-23,53.7325919919098,53.95644679756844,53.268309914053226,53.674556732177734,2387612,0.0,0
2017-05-24,53.434119291383674,53.98131426553122,52.75427817808876,52.9615478515625,3293398,0.0,0
2017-05-25,52.72940592864434,53.74088299064573,52.72940592864434,53.72430419921875,2091360,0.0,0
2017-05-26,53.061038273809906,53.39267102809495,52.455811185521384,52.762569427490234,4670027,0.0,0
2017-05-29,52.231963913583684,52.679667220458704,51.68477203718685,51.95836639404297,2096493,0.0,0
2017-05-30,51.751091743270266,52.64649827132777,51.751091743270266,52.455810546875,1191984,0.0,0
2017-05-31,52.64650322967774,52.88693683811743,51.693061354932574,52.074440002441406,2555622,0.0,0
2017-06-01,51.31997694120495,51.48579016445357,50.78936387368205,51.195613861083984,1834571,0.0,0
2017-06-02,51.958362450425746,52.33974106956796,51.46920903628482,52.082725524902344,1859986,0.0,0
2017-06-05,51.80083903599734,51.883748807192354,51.22877584683151,51.40288162231445,1823882,0.0,0
2017-06-06,50.9303103630111,51.506519869502235,50.84740374901934,50.96347427368164,1454345,0.0,0
2017-06-07,51.4028781668079,51.8671633662357,51.112701893843145,51.1375732421875,1591220,0.0,0
2017-06-08,50.90543764495181,51.651606638902834,50.69816795285133,51.48579025268555,1597327,0.0,0
2017-06-09,51.72622395333228,52.563595282120424,51.568700125601566,52.18221664428711,1806701,0.0,0
2017-06-13,52.182220928357204,52.39778319735391,51.6101576686686,51.908626556396484,2162826,0.0,0
2017-06-14,51.73451642521948,52.07443859383485,51.170742609562105,51.89204025268555,2681101,0.0,0
2017-06-15,50.57380154714202,50.76448927181404,49.77788674085418,49.976863861083984,4932703,0.0,0
2017-06-16,49.97686362689213,50.10122669846623,49.53745292264978,49.81105041503906,3997596,0.0,0
2017-06-19,49.07316659370635,49.82348495986982,49.006841943005945,49.78617477416992,3347505,0.0,0
2017-06-20,49.6618191164769,49.91054211257808,49.42138551641581,49.5125846862793,2234787,0.0,0
2017-06-21,48.293832778930664,48.39332133429707,48.03681725132628,48.08656311035156,3522892,0.0,0
2017-06-22,48.658634588554236,49.015138732566825,48.39332962036133,48.39332962036133,2106170,0.0,0
2017-06-23,49.073169670382846,49.073169670382846,48.50110647615357,48.77470397949219,1938849,0.0,0
2017-06-26,49.33018648023126,49.578909477006455,48.923936494107004,49.388221740722656,1862275,0.0,0
2017-06-27,49.31360307985068,49.62865388662897,48.74153988776865,49.620361328125,1784414,0.0,0
2017-06-28,50.42456867842163,51.0049244285515,50.333369511056084,50.855690002441406,2976936,0.0,0
2017-06-29,51.40288270518907,52.555301666259766,51.34484744547216,52.555301666259766,3439171,0.0,0
2017-06-30,52.14905230864091,52.76671506422536,52.08272449351771,52.455810546875,5316788,0.0,0
2017-07-03,52.389486096532536,52.98642382024328,52.173927008906155,52.729408264160156,1370494,0.0,0
2017-07-04,53.7740492341761,53.99789771768965,53.077619781992496,53.14394760131836,1903715,0.0,0
2017-07-05,53.80721506271748,54.30466107466346,53.51703874952977,54.05593490600586,2170791,0.0,0
2017-07-06,54.0808131656825,54.0808131656825,53.02787954244243,53.35951232910156,2292479,0.0,0
2017-07-07,53.06104371851804,54.08909966946092,53.00300845496569,53.92328643798828,1996230,0.0,0
2017-07-10,53.74088523375527,54.07251800445554,53.56677945234565,53.973026275634766,1996969,0.0,0
2017-07-11,54.15541815740413,54.404144287109375,53.89840579531207,54.404144287109375,1572013,0.0,0
2017-07-12,54.43731236927239,54.918173224696936,54.31294929487844,54.44559860229492,1954109,0.0,0
2017-07-13,54.71919370868383,54.918170823794064,53.91498636484574,54.21345520019531,1614644,0.0,0
2017-07-14,54.0808089818679,54.528505935048194,54.072516423366395,54.32952880859375,1253353,0.0,0
2017-07-17,54.33782252749445,54.918175127617175,54.33782252749445,54.652870178222656,1125639,0.0,0
2017-07-18,54.92646898147234,54.95134033272565,53.61237987884669,53.84037780761719,1924411,0.0,0
2017-07-19,53.55848873698905,53.68285182095313,52.84133735249205,53.475582122802734,1669452,0.0,0
2017-07-20,53.226852761989676,53.757462651395805,53.226852761989676,53.3760871887207,1484741,0.0,0
2017-07-21,52.64650452418261,52.671375876465646,52.04127737137952,52.27341842651367,1773897,0.0,0
2017-07-24,51.65160332829104,51.966654125642236,51.49407951095759,51.916908264160156,1608403,0.0,0
2017-07-25,51.9417840045011,52.472393888786584,51.742803716551855,52.23196029663086,1645596,0.0,0
2017-07-26,53.70771921161856,53.948152802784854,53.458999387403196,53.59994125366211,3026226,0.0,0
2017-07-27,53.92328643798828,54.38756854640713,53.80721591088357,53.92328643798828,2058485,0.0,0
2017-07-28,53.467287083555185,53.479722758837816,52.96155170018312,53.26001739501953,3229253,0.0,0
2017-07-31,53.84866407401343,55.11715991702888,53.699429641033326,54.54509353637695,2172646,0.0,0
2017-08-01,54.99279598323154,55.29955107794884,54.67774200439453,54.67774200439453,1677420,0.0,0
2017-08-02,54.52849734314498,54.71089564922522,54.263192441219466,54.58653259277344,1728466,0.0,0
2017-08-03,53.47557856838802,53.78233997839371,53.15223836679471,53.22685241699219,2375026,0.0,0
2017-08-04,53.6331065504518,54.254915615141094,53.50874347244016,54.08909606933594,1964671,0.0,0
2017-08-07,54.91817735282594,55.3575881000616,54.84356329780216,55.009376525878906,1936454,0.0,0
2017-08-08,55.64776846675347,55.797002896081274,54.578256110799025,54.76065444946289,2711926,0.0,0
2017-08-09,54.99279927296522,55.282975592908784,54.89330753811198,55.067413330078125,1782939,0.0,0
2017-08-10,55.200498296987185,55.352892576195515,54.54012524018461,55.039642333984375,2725737,1.3772,0
2017-08-11,54.1930142366199,54.44700042084863,53.2447823546494,53.49030685424805,3105310,0.0,0
2017-08-14,53.62576008162439,54.03214372907065,53.57496091457481,53.69348907470703,1482134,0.0,0
2017-08-15,53.89668476285175,54.01521292793122,53.050051321255175,53.18551254272461,2116396,0.0,0
2017-08-16,53.05005407781411,53.48183573441825,52.677536506829156,53.126251220703125,1438875,0.0,0
2017-08-17,54.0914150249837,54.39620360864001,53.68503132332546,53.8543586730957,2382245,0.0,0
2017-08-18,53.083915475612756,53.56649626114695,53.01618325255174,53.49876403808594,1428991,0.0,0
2017-08-21,53.50723249115288,54.47239083816934,53.50723249115288,54.3115348815918,1448462,0.0,0
2017-08-22,54.6078604677077,55.03117721551939,54.523198410005556,54.836448669433594,1414384,0.0,0
2017-08-23,55.31056784164903,55.53068789990333,54.61632863332948,55.00577926635742,2175786,0.0,0
2017-08-24,55.598416727910575,56.690574645996094,55.581486901119575,56.690574645996094,2777129,0.0,0
2017-08-25,56.715971233220564,57.35094630086302,56.326520633515905,57.00382995605469,2794872,0.0,0
2017-08-28,56.4365966733251,56.51279059388584,56.12757077069141,56.30113220214844,1093357,0.0,0
2017-08-29,56.04713707486983,56.411189750963835,55.606890481577665,56.38579177856445,1482491,0.0,0
2017-08-30,56.25878918149758,56.60591199037024,55.962468771057814,56.4704475402832,1297808,0.0,0
2017-08-31,56.470446331497754,57.558373372832314,56.43658667900128,57.43560791015625,2505644,0.0,0
2017-09-01,57.74039994394687,57.95205831098377,57.31708320987307,57.80813217163086,1849825,0.0,0
2017-09-04,57.808134448686076,57.94359890938998,57.19009560980226,57.30015563964844,959229,0.0,0
2017-09-05,57.49488002440271,57.672672271728516,57.09696127402093,57.672672271728516,1098554,0.0,0
2017-09-06,57.139286903782164,57.9097264056135,56.89376244031835,57.78273010253906,1619184,0.0,0
2017-09-07,58.09599465489388,58.58703718900681,58.06212853886865,58.2060546875,1603492,0.0,0
2017-09-08,58.561639118762045,58.84102973102654,57.83777107525087,57.9943962097168,1512328,0.0,0
2017-09-11,57.03770254866044,57.34249113250254,56.487389468984375,57.173160552978516,1767821,0.0,0
2017-09-12,57.85046382276694,58.40077684413307,57.7658017716261,58.248382568359375,1107550,0.0,0
2017-09-13,58.98495273045843,59.26434332780743,58.671702478249685,58.866424560546875,1701333,0.0,0
2017-09-14,58.3245842932178,58.3245842932178,57.786970184507084,57.892799377441406,1624410,0.0,0
2017-09-15,56.741367984636916,57.041925685629195,56.56357574462891,56.563575744628906,2071994,0.0,0
2017-09-18,56.21646490089461,56.77523964419613,56.08100044233611,56.44505310058594,1553465,0.0,0
2017-09-19,57.13929212337518,57.13929212337518,56.44505292369087,56.63131332397461,1673554,0.0,0
2017-09-20,56.54664553508691,56.54664553508691,55.776206040977435,55.9286003112793,2346967,0.0,0
2017-09-21,55.86088140006933,56.37732189462009,55.412160217425196,55.45449447631836,2321591,0.0,0
2017-09-22,55.9878673550661,56.41118407728305,55.69154694137435,55.85240936279297,5555723,0.0,0
2017-09-25,56.51278705148125,56.59744911100901,55.59842130625872,55.88628005981445,4054957,0.0,0
2017-09-26,55.7592768585182,55.869336876389504,55.39522423411274,55.75080871582031,1910615,0.0,0
2017-09-27,55.96246370486783,56.572040756474486,55.814306742710606,56.555110931396484,2081455,0.0,0
2017-09-28,56.30959583614142,56.30959583614142,55.352895848165076,55.42909622192383,2669856,0.0,0
2017-09-29,55.920146172414306,56.44929211856016,55.79314985347908,56.3265266418457,4416411,0.0,0
2017-10-02,56.4365897003753,57.892793829795934,56.4365897003753,57.571075439453125,1199784,0.0,0
2017-10-03,57.67267731547051,58.23145207603324,57.41021653373093,57.98592758178711,1224912,0.0,0
2017-10-04,57.71500414324442,57.74887025835965,56.944571017101275,57.088497161865234,1696801,0.0,0
2017-10-05,57.68959929855259,58.22297601464326,57.45254298029006,57.56260299682617,1704972,0.0,0
2017-10-06,58.24838156048007,58.80715625578141,58.09598728734327,58.629364013671875,1967793,0.0,0
2017-10-09,58.84102110630195,59.67072467766276,58.56163053498962,58.58702850341797,1717846,0.0,0
2017-10-10,58.11292383576128,58.72250099882119,58.03672992002934,58.55317687988281,1641651,0.0,0
2017-10-11,58.65476537467553,58.95108579532776,58.16371641513713,58.22298049926758,1842921,0.0,0
2017-10-12,57.621864180203374,57.808124552133606,57.21124648552988,57.41020584106445,1966630,0.0,0
2017-10-13,57.75733517804348,58.11291967795371,57.410212361964,57.74886703491211,1518983,0.0,0
2017-10-16,59.30667519186999,59.7299919128418,59.02728460579647,59.7299919128418,2733588,0.0,0
2017-10-17,60.60202940937355,60.96608208433446,59.60300158919951,60.500431060791016,2123339,0.0,0
2017-10-18,60.009384919792346,60.66129638376697,59.67919834531743,60.043251037597656,2115595,0.0,0
2017-10-19,58.417707843871604,58.993418846212215,58.23991559511502,58.51930618286133,3038162,0.0,0
2017-10-20,58.07905144575149,58.6801604001355,57.90125920228301,58.468502044677734,1855165,0.0,0
2017-10-23,58.502371999443575,58.77329445385326,58.39231197272429,58.63783645629883,1338900,0.0,0
2017-10-24,58.2399155114913,58.747894287109375,57.86739472836443,58.747894287109375,1246236,0.0,0
2017-10-25,58.79869795147643,59.43367311924313,58.400785605489155,58.95956039428711,1509467,0.0,0
2017-10-26,58.578571260411486,58.97649002075196,58.18065250007102,58.97649002075195,1346361,0.0,0
2017-10-27,59.162744435538166,59.56066319910094,59.010350152882225,59.25587463378906,3972983,0.0,0
2017-10-30,59.43366374792038,59.55219191047021,59.09501554594965,59.24740982055664,1190499,0.0,0
2017-10-31,59.12888116232942,59.22201136505443,58.73943052334353,58.7986946105957,1322463,0.0,0
2017-11-01,59.289737901410994,59.5606603398713,59.04421343229065,59.27280807495117,1546193,0.0,0
2017-11-02,60.27184096682896,61.245464324951165,60.1871724493392,61.24546432495117,3256555,0.0,0
2017-11-03,61.3809300514658,62.01590518992924,61.25393373191289,61.897377014160156,2880080,0.0,0
2017-11-06,61.97356560257076,62.39688232515471,61.7873116704463,61.99897003173828,1686448,0.0,0
2017-11-07,63.46364611436413,63.59911057425118,62.91333304984969,63.27738571166992,2536248,0.0,0
2017-11-08,62.26988847935952,63.124983553402984,62.16829014711171,62.854061126708984,2118396,0.0,0
2017-11-09,63.47210142401401,63.61602753906672,63.16731291019668,63.192710876464844,2477742,0.0,0
2017-11-10,61.88890962065303,61.99050796938726,61.41479691182904,61.76191329956055,2576196,0.0,0
2017-11-13,62.35455456106861,62.95566353233595,62.01589989096432,62.43921661376953,1920667,0.0,0
2017-11-14,61.88890782068057,61.95664005120014,61.49098904050439,61.838111877441406,2377358,0.0,0
2017-11-15,60.9152699386704,60.9152699386704,60.10250265789351,60.15330505371094,2600233,0.0,0
2017-11-16,60.15330648137651,60.449626883593574,59.80195284042617,60.280296325683594,1911077,0.0,0
2017-11-17,60.8729467526125,60.89411388086371,59.70458844987235,60.017845153808594,1938791,0.0,0
2017-11-20,59.729995830952205,60.20410852256484,59.72152768737313,59.941654205322266,5250827,0.0,0
2017-11-21,60.27183711828252,60.517361592863104,60.13637266638954,60.19563674926758,1903385,0.0,0
2017-11-22,60.53429803615663,61.042276867676705,60.53429803615663,60.74595642089844,2125804,0.0,0
2017-11-23,61.21160420029167,61.71111486129024,60.95761156836974,60.96607971191406,2329525,0.0,0
2017-11-24,61.11847102999544,61.17773511332464,60.483495940339466,61.04227066040039,4069493,0.0,0
2017-11-27,61.126932228291224,61.44018892871484,60.737481618178414,61.0338020324707,1222054,0.0,0
2017-11-28,60.61048499255079,61.10153393898279,60.39036494839896,60.56815719604492,2454025,0.0,0
2017-11-29,60.974547210887444,61.29627210324273,60.61896265972782,60.7036247253418,1120130,0.0,0
2017-11-30,59.78077799616825,60.22949261292951,59.62838374337202,60.06863021850586,4199463,0.0,0
2017-12-01,60.11097574780825,60.32263411311743,59.8908492392825,60.25490188598633,1293100,0.0,0
2017-12-04,60.830612213618316,61.44865747546006,60.66975625011754,60.999942779541016,2585278,0.0,0
2017-12-05,60.53429862598463,60.779823129793606,59.696133222844615,59.74692916870117,2083126,0.0,0
2017-12-06,58.68862171317523,59.179670590924424,58.095980970581145,58.273773193359375,2434914,0.0,0
2017-12-07,58.510835208873345,58.866419689182365,58.34997279474772,58.80715560913086,1642090,0.0,0
2017-12-08,58.51083459813291,58.591265804356176,58.104447725378584,58.58702850341797,2738809,0.0,0
2017-12-11,59.22201282758983,59.306681348013385,58.6209037965297,58.824100494384766,1907075,0.0,0
2017-12-12,59.552199471526485,60.009382353393775,59.33207940415801,59.47600555419922,1933451,0.0,0
2017-12-13,59.247415533167235,59.56066579612366,59.06961681289879,59.38287353515625,2068890,0.0,0
2017-12-14,59.772326091172104,60.0517167070758,59.044220736617696,59.078086853027344,1918692,0.0,0
2017-12-15,58.89182747740806,59.74692916870117,58.88336579263287,59.74692916870117,4675666,0.0,0
2017-12-18,60.38189498447675,60.6951516738161,60.23796885395611,60.47502517700195,1867627,0.0,0
2017-12-19,60.91527466401871,61.33859139263399,60.57662644856702,61.23699951171875,1466914,0.0,0
2017-12-20,61.042273279766626,61.88043862547458,60.97454105039807,61.778846740722656,1735170,0.0,0
2017-12-21,62.18521934143526,62.44768008225215,61.82116672870223,62.36301803588867,1570221,0.0,0
2017-12-22,62.47308324057324,63.01492813347674,62.35878591587153,62.88793182373047,6769909,0.0,0
2017-12-27,62.557751188086065,63.34512063153718,62.54082135953175,63.17579650878906,764377,0.0,0
2017-12-28,63.39591265493589,63.48904285447685,63.24351837016894,63.404380798339844,796833,0.0,0
2017-12-29,63.70916827117774,64.36954134069984,63.641436043713746,64.18328094482422,1709651,0.0,0
2018-01-02,64.21715060928517,64.86906203089565,64.09862243431982,64.76746368408203,792930,0.0,0
2018-01-03,66.03741027972819,66.4099310713593,65.78341765647049,66.19827270507812,1484657,0.0,0
2018-01-04,66.56232705139817,66.63005282126723,65.81728544913062,65.91041564941406,1266703,0.0,0
2018-01-05,66.0458789890998,66.54538963734062,66.03741084577177,66.24906921386719,1294308,0.0,0
2018-01-08,66.24906604930227,66.3591260701063,65.91887952758972,66.07127380371094,886486,0.0,0
2018-01-09,66.58773432534171,67.80688232422072,66.49460411204724,67.6206283569336,1827416,0.0,0
2018-01-10,67.94233709351649,68.39951995000953,67.05336935156322,67.10417175292969,2106766,0.0,0
2018-01-11,67.05336886738377,67.43435780802736,66.74858029858923,67.095703125,1654186,0.0,0
2018-01-12,68.17092383216082,68.6789090791413,68.03546583645324,68.2555923461914,1852581,0.0,0
2018-01-15,68.67043666160552,69.29271273705345,68.67043666160552,69.2546157836914,1366043,0.0,0
2018-01-16,69.48321063879911,69.81339718492693,68.36565468437395,68.79743957519531,1500237,0.0,0
2018-01-17,67.24809967449237,67.30736376157077,66.41839599609375,66.41839599609375,2551375,0.0,0
2018-01-18,66.80785216388686,67.11687158083258,66.52846156041767,66.74011993408203,1480821,0.0,0
2018-01-19,67.18882938564451,67.37508977335584,65.97814332482129,66.0458755493164,1610617,0.0,0
2018-01-22,66.36759604341927,66.70625071739529,66.03740951260032,66.1644058227539,1094458,0.0,0
2018-01-23,66.16440395284823,66.79937902637019,66.06280561573655,66.46919250488281,1312638,0.0,0
2018-01-24,65.91888902513888,66.26600542341032,65.73262860978774,66.20674133300781,2813241,0.0,0
2018-01-25,66.13901753031317,67.06184503114655,65.8342289250669,66.72319030761719,6417817,0.0,0
2018-01-29,67.12957449573098,67.26080166159572,66.46073322068689,66.9517822265625,2000124,0.0,0
2018-01-30,66.401452748103,67.07029385812764,66.33372053104486,66.51151275634766,1418756,0.0,0
2018-01-31,66.0289356475344,66.03740378995765,64.93254696817674,65.06377410888672,2246212,0.0,0
2018-02-01,65.3600924410309,65.80034540296514,65.15690224437658,65.78340911865234,3254924,0.0,0
2018-02-02,66.03741084577177,66.68085409338607,65.52943205420291,66.24906921386719,3003744,0.0,0
2018-02-05,65.03838614961725,65.165382468309,64.56427344975587,64.76746368408203,1946589,0.0,0
2018-02-06,63.59911411939306,64.76746608419077,63.28585738291843,63.861568450927734,3690728,0.0,0
2018-02-07,65.5294401557693,66.58773212708564,65.19925357746271,66.29987335205078,2621548,0.0,0
2018-02-08,65.06377771526189,65.74108704206206,64.36107041908429,65.64795684814453,2657681,0.0,0
2018-02-09,63.929303945331235,65.36011031464123,63.87003985262965,65.07225799560547,3238133,0.0,0
2018-02-12,65.44477367058444,66.71472395040716,64.97912265092899,66.03741455078125,1872387,0.0,0
2018-02-13,67.53595180291435,67.90000446817311,66.63005421159156,66.77398681640625,1589477,0.0,0
2018-02-14,66.88403900478421,67.23962348470417,66.40992636489094,66.79090881347656,1156743,0.0,0
2018-02-15,68.69583812931486,69.71179569318235,68.3741197412603,69.50013732910156,2494411,0.0,0
2018-02-16,69.64407711131733,69.97426367660651,69.24615831230183,69.83033752441406,1616104,0.0,0
2018-02-19,69.74566095002157,70.04198782353608,69.05988992579783,69.42394256591797,1026093,0.0,0
2018-02-20,68.83130283920215,69.25461956894065,68.72123635551769,69.08528900146484,970525,0.0,0
2018-02-21,68.40798852342914,68.44184817881845,67.80687306180383,67.9508056640625,1575809,0.0,0
2018-02-22,68.13706395409272,68.46725048796596,67.47668442704553,67.832275390625,2417110,0.0,0
2018-02-23,68.57731370004315,68.74663781681669,68.28099326603898,68.4503173828125,3449253,0.0,0
2018-02-26,68.57730209648382,68.75509432680316,68.03545726332968,68.2386474609375,2016505,0.0,0
2018-02-27,68.78896906510049,69.3731482232142,68.78050092184212,69.09375762939453,1766721,0.0,0
2018-02-28,68.91595875826945,68.94982486874979,68.33177965625873,68.7127685546875,2609196,0.0,0
2018-03-01,67.46291759444541,68.0030348230241,67.2973943681641,67.8200912475586,4540420,2.2853,0
2018-03-02,67.03604314319769,67.38015652202277,66.33911618056277,66.9576416015625,2450387,0.0,0
2018-03-05,66.2084397239072,66.64402156419607,65.93838110979256,65.97322845458984,1138462,0.0,0
2018-03-06,66.53948061525438,67.00120295651178,66.10389876785992,66.2868423461914,1509757,0.0,0
2018-03-07,65.99063358610725,66.47848300786666,65.4766503233893,65.63345336914062,1587976,0.0,0
2018-03-08,66.19101821865284,66.35653479548475,65.75543638597178,66.04291534423828,1618274,0.0,0
2018-03-09,66.07776701914429,66.07776701914429,64.15249599008646,64.29188537597656,2248945,0.0,0
2018-03-12,65.92094869502247,66.55690105400328,65.42438570377206,65.75543212890625,1704888,0.0,0
2018-03-13,65.4679420103352,65.4679420103352,63.94340580019775,64.46610260009766,3069711,0.0,0
2018-03-14,65.2501594346886,65.2501594346886,64.07408982349438,64.98880767822266,1650654,0.0,0
2018-03-15,64.84070970628616,66.54818963561301,64.72746082630594,66.26070404052734,2301346,0.0,0
2018-03-16,66.7485580444336,67.1144451646824,66.29119582089716,66.7485580444336,2605388,0.0,0
2018-03-19,67.08830886808347,67.51517715944021,66.76597595214844,66.76597595214844,1270883,0.0,0
2018-03-20,65.77285469051564,65.93837790865415,65.2065969963402,65.53764343261719,1188937,0.0,0
2018-03-21,66.19972301226898,66.64401832880063,65.52021643783887,65.53764343261719,1669907,0.0,0
2018-03-22,66.23457431474844,67.02733646327408,66.1474592750026,66.88794708251953,1763828,0.0,0
2018-03-23,65.11948228524044,65.2065973202114,63.50783087569863,63.9782600402832,3152792,0.0,0
2018-03-26,63.73433553450712,64.37028127410291,63.73433553450712,63.87371826171875,1767716,0.0,0
2018-03-27,64.38770075209983,64.96266523520677,64.1176355337697,64.6054916381836,1409558,0.0,0
2018-03-28,64.24831562584009,64.48352687386244,63.93469619750976,63.934696197509766,2442113,0.0,0
2018-03-29,64.06538392227634,64.12636511982224,63.15937281127144,63.33360290527344,5071537,0.0,0
2018-04-03,63.629790469396,65.05849824904067,63.629790469396,64.63162994384766,1417430,0.0,0
2018-04-04,65.07591164741915,65.07591164741915,64.52708102792192,64.62290954589844,1496969,0.0,0
2018-04-05,64.22217215795757,64.46609686645272,63.62106723598751,63.856285095214844,1467500,0.0,0
2018-04-06,63.85629288691192,64.00438909993316,63.124512025685306,63.786598205566406,1344821,0.0,0
2018-04-09,63.307453405236124,64.00438690185547,62.98512714637126,64.00438690185547,1192644,0.0,0
2018-04-10,64.17861909621445,66.00806127787669,63.978255195598685,65.7728500366211,2724458,0.0,0
2018-04-11,66.73113511739454,67.39322136090064,66.50463070448038,66.6440200805664,2024202,0.0,0
2018-04-12,66.7659772453588,67.27125372451928,66.66579529315567,66.81824493408203,1906157,0.0,0
2018-04-13,67.50647383569891,68.63027581599023,67.42807229231775,68.13371276855469,2088670,0.0,0
2018-04-16,68.35149826201196,69.08327917432321,67.45420077801394,67.9159164428711,1729864,0.0,0
2018-04-17,67.43678982868533,68.42991598302734,67.43678982868533,68.0291748046875,1291621,0.0,0
2018-04-18,68.64770374786615,69.6408298562742,68.3863519734633,68.7870864868164,1422989,0.0,0
2018-04-19,70.65138075120859,70.98242723910059,70.26371313758675,70.9301528930664,2489644,0.0,0
2018-04-20,70.59038987175178,71.06953254038227,69.89346293591342,70.1548080444336,1807498,0.0,0
2018-04-23,70.58167795461411,71.33959274384087,70.57297110331767,71.13922882080078,1673216,0.0,0
2018-04-24,70.44228788991816,70.52068942213282,69.20959062175471,69.2749252319336,5401013,0.0,0
2018-04-26,69.69309175634328,69.90216917060599,68.97873783169881,69.17039489746094,3043566,0.0,0
2018-04-27,69.7192310420938,69.84990692862303,69.05714475774359,69.38819122314453,3974459,0.0,0
2018-04-30,69.4491588512707,69.78019860555531,68.99615008598607,69.57112121582031,1500145,0.0,0
2018-05-01,69.32719680561122,69.553694542845,68.78707301265678,69.43173217773438,1758752,0.0,0
2018-05-02,69.57984273613194,70.41615903796524,69.28364364060387,69.7018051147461,1666912,0.0,0
2018-05-03,70.56424851028974,71.06081147468933,70.41615229992244,70.88658142089844,1723449,0.0,0
2018-05-04,70.98242261313986,71.36573012918143,70.49456641184341,70.51199340820312,973393,0.0,0
2018-05-07,70.98241623191099,71.23504783835025,70.12867294123143,70.56425476074219,1471716,0.0,0
2018-05-08,71.08695666736423,71.25247989740721,70.65137481689453,70.65137481689453,1492243,0.0,0
2018-05-09,70.6949242039287,71.33086988054225,70.65136336736043,71.1479263305664,1162149,0.0,0
2018-05-10,71.80130011665075,72.52436747764206,71.52252803905118,72.26301574707031,1515765,0.0,0
2018-05-11,72.56793417848633,73.273574603016,72.44597180008492,73.07320404052734,1072031,0.0,0
2018-05-14,73.17774520964312,74.32768093993661,73.0993436729293,73.61332702636719,2322406,0.0,0
2018-05-15,73.61332488664496,73.95307816209802,72.8379898071289,72.8379898071289,1452182,0.0,0
2018-05-16,72.91640580125357,73.96180632618345,72.8989854500749,73.77014923095703,1110365,0.0,0
2018-05-17,75.04203781208173,75.86964063790576,74.92007543030664,75.57344818115234,2017479,0.0,0
2018-05-18,75.7041266348751,75.7041266348751,74.17087666641378,74.75455474853516,1719621,0.0,0
2018-05-21,73.84854147953516,74.5106277306208,73.7178722460227,74.04891204833984,995315,0.0,0
2018-05-22,73.72658092987162,74.10118158363841,73.29971258140066,73.70044708251953,821209,0.0,0
2018-05-23,73.66560700637363,74.51063693521802,73.66125358020254,73.83984375,1412808,0.0,0
2018-05-24,72.83799060232002,73.56541142547255,72.67246738810475,73.0993423461914,1908479,0.0,0
2018-05-25,72.48952874112678,72.9512444263487,72.21947012821238,72.45468139648438,4025351,0.0,0
2018-05-28,72.0016772030289,72.61148910115281,71.66192391029543,72.41112518310547,1299056,0.0,0
2018-05-29,72.13234952652085,72.62019902098565,72.10620903521664,72.30657958984375,1320928,0.0,0
2018-05-30,71.444128232509,71.71418681988895,71.18277649562786,71.45283508300781,1698883,0.0,0
2018-05-31,71.97554296616747,72.34143010305557,71.73161156179088,72.28044891357422,2419648,0.0,0
2018-06-01,71.89713604372334,72.2020419964821,70.99983853426848,71.87100219726562,1474804,0.0,0
2018-06-04,72.30658460828842,72.74216644327811,72.22818306828692,72.3936996459961,719504,0.0,0
2018-06-05,71.5660976858935,71.92327133876137,70.8778775806904,71.39186096191406,1039707,0.0,0
2018-06-06,72.65504445339499,73.47829377689283,72.54614900506749,73.18645477294922,1618363,0.0,0
2018-06-07,74.51062204430588,74.96363084074865,74.43222051018165,74.89393615722656,1502698,0.0,0
2018-06-08,74.46708039318895,75.56474193449395,74.44093989762763,75.44277954101562,1505205,0.0,0
2018-06-12,74.62388063335018,74.9984746181612,74.10117713190454,74.13602447509766,2100879,0.0,0
2018-06-13,74.04019644519735,74.04019644519735,73.13418545538352,73.27357482910156,1291964,0.0,0
2018-06-14,73.25615028855657,74.02277857678885,73.23001644172163,73.7178726196289,879277,0.0,0
2018-06-15,74.13603264065677,74.8591001370397,74.13603264065677,74.65872955322266,2090271,0.0,0
2018-06-18,73.36939832856534,73.46522685480959,72.6114836154837,73.18645477294922,1382233,0.0,0
2018-06-19,72.7770110984643,73.66559508457057,71.3308762694381,71.55738067626953,2090615,0.0,0
2018-06-20,71.78388495018334,72.21946676827127,71.3483031320954,72.08879089355469,2321473,0.0,0
2018-06-21,72.80314763431862,72.90768966743862,72.14977488183408,72.3936996459961,1916820,0.0,0
2018-06-22,72.30658795356895,72.45468418916883,71.46155809116124,71.8361587524414,1366902,0.0,0
2018-06-25,72.46338710117968,73.00351091537222,72.13234733235561,72.52436828613281,1033917,0.0,0
2018-06-26,71.13050063780906,71.63577705964342,70.82559474409867,71.2001953125,1726953,0.0,0
2018-06-27,71.56609288202252,71.60094022447929,71.13051107098946,71.50511169433594,1888557,0.0,0
2018-06-28,72.08878924897348,72.45467637267203,71.89713218995495,72.36756134033203,1806781,0.0,0
2018-06-29,72.69860248076392,73.31713450877727,72.48952506994945,72.68989562988281,4364257,0.0,0
2018-07-02,72.58536010807566,73.32584793286411,72.51566541607279,72.56793975830078,950062,0.0,0
2018-07-03,72.13234949613035,72.13234949613035,70.26369983249292,70.39002227783203,2664733,0.0,0
2018-07-04,70.59911293139687,70.63396027987626,69.63212061206295,69.80635070800781,1870516,0.0,0
2018-07-05,69.20523810497411,69.72358150736615,68.21211213851488,69.00486755371094,2498406,0.0,0
2018-07-06,69.27493235149514,70.06769448421005,69.10070227547827,69.48401641845703,3544029,0.0,0
2018-07-09,70.17222805696643,70.66007752815435,69.88474248439474,70.48584747314453,988625,0.0,0
2018-07-10,71.43540986775498,71.56608572729094,70.90399957970567,71.1043701171875,1521140,0.0,0
2018-07-11,70.7123596109811,70.7297866079002,69.2575177514759,69.83248901367188,2488566,0.0,0
2018-07-12,69.21395427670622,69.8324863612546,68.74788514682737,69.6495361328125,1843040,0.0,0
2018-07-13,69.8673304206942,70.38132049177158,69.1965372544717,69.5537109375,1885730,0.0,0
2018-07-16,69.37076573383786,69.63211751257391,68.84806882281758,69.17911529541016,976200,0.0,0
2018-07-17,69.17038873597075,69.22700984839234,68.5170160589555,68.96131134033203,1587129,0.0,0
2018-07-18,69.74535608764059,69.89345895178943,69.19652540922702,69.26622009277344,2132829,0.0,0
2018-07-19,69.99799742627248,70.49456043721183,69.84118770458367,70.23321533203125,1927712,0.0,0
2018-07-20,69.73666064563633,69.85862303856963,69.40561416785862,69.7627944946289,1876071,0.0,0
2018-07-23,69.39689634180667,69.58854675292969,68.97873488469536,69.58854675292969,759922,0.0,0
2018-07-24,69.73665454270616,70.67750625636073,69.73665454270616,70.47714233398438,1730191,0.0,0
2018-07-25,71.87099636827804,72.21946313450529,71.3962138055994,71.52252960205078,2000354,0.0,0
2018-07-26,69.78020543567803,70.80817878496507,69.78020543567803,70.57296752929688,2484179,0.0,0
2018-07-27,71.04339705863465,71.05210390953569,70.44229202390964,70.89529418945312,3240551,0.0,0
2018-07-30,70.4597141636428,70.46842766121645,70.01542548415512,70.08511352539062,1864259,0.0,0
2018-07-31,70.6426587083741,70.9737051562267,70.2767715626488,70.73848724365234,1957281,0.0,0
2018-08-01,71.1827684763646,71.58350288703943,70.4771281713122,71.13050079345703,1777795,0.0,0
2018-08-02,69.55370263892426,69.64953117215858,67.61101142106767,67.64585876464844,4680706,0.0,0
2018-08-03,67.56744748339766,67.58487447761496,66.33911024911285,66.67886352539062,3421798,0.0,0
2018-08-06,67.6022995345391,67.69812807005702,66.86181174354257,67.0970230102539,1340150,0.0,0
2018-08-07,66.80081711036246,66.80081711036246,66.21713916344189,66.55689239501953,2236100,0.0,0
2018-08-08,67.16672425210128,67.28868664621383,66.56562578010418,67.24513244628906,2918336,0.0,0
2018-08-09,66.97643197382699,68.12566924722779,66.72698638832277,67.65350341796875,2175808,1.7084,0
2018-08-10,67.61787203866396,67.74259484003981,66.95862197469404,67.14570617675781,1400752,0.0,0
2018-08-13,66.91406795510923,66.9586147208674,66.02318701500327,66.10336303710938,2623390,0.0,0
2018-08-14,66.43299313570324,66.93188429995587,65.925191258694,66.17463684082031,2123102,0.0,0
2018-08-15,66.19245610444538,66.26372141352365,65.39957261706182,65.70246887207031,1963604,0.0,0
2018-08-16,63.65344700853679,64.98086463978248,63.61781774851882,64.96304321289062,3936925,0.0,0
2018-08-17,64.9452327949434,65.1501316393085,64.3394333821053,65.14122772216797,2871624,0.0,0
2018-08-20,65.46193398366329,65.9251890784513,65.07885491038618,65.34611511230469,1445374,0.0,0
2018-08-21,65.29266567848072,65.29266567848072,64.5265075172918,65.03430938720703,2689560,0.0,0
2018-08-22,64.64232208606697,64.90958910027643,63.79598786920785,63.86725997924805,1830699,0.0,0
2018-08-23,64.61560614518127,65.08777204835027,63.938534595054875,64.12562561035156,1845292,0.0,0
2018-08-24,64.16123833402499,64.34832930109287,63.493077670410855,64.08106231689453,1776488,0.0,0
2018-08-27,64.30379063229553,64.92740461141301,64.21470389197627,64.83831787109375,1668950,0.0,0
2018-08-28,65.47084849709921,65.51984722824808,65.09668007571688,65.46194458007812,1494355,0.0,0
2018-08-29,65.55992252655918,65.7737388374819,65.30157304540421,65.58665466308594,2493685,0.0,0
2018-08-30,65.85392081012108,65.88955686516331,65.04322264777855,65.1590347290039,1816843,0.0,0
2018-08-31,64.97195053145198,64.97195053145198,64.25924302444089,64.80268096923828,3351833,0.0,0
2018-09-03,64.81158478753724,64.81158478753724,63.787070404027986,63.93851852416992,1069754,0.0,0
2018-09-04,63.5643552107342,63.83162221779874,63.27036286233967,63.60890197753906,1202888,0.0,0
2018-09-05,62.967472536759836,62.967472536759836,61.88950728786244,62.07659149169922,2270485,0.0,0
2018-09-06,62.005315991949594,62.81156220621491,61.83605322450862,62.628936767578125,2075923,0.0,0
2018-09-07,62.548760623130555,63.77817408261183,62.51312456384197,63.697998046875,2464578,0.0,0
2018-09-10,63.21691471089696,63.408457659568505,62.726934240836165,63.208003997802734,1269994,0.0,0
2018-09-11,63.154545307231295,63.849431309076614,62.76255554336707,63.53762435913086,1359424,0.0,0
2018-09-12,62.95855672019769,63.47526931570362,62.82492321489341,63.305999755859375,1237154,0.0,0
2018-09-13,63.76925373624987,64.6957706483998,63.75143231275534,64.38395690917969,1868540,0.0,0
2018-09-14,64.52650290638911,65.41738379323867,64.39286941398532,65.16793823242188,3250562,0.0,0
2018-09-17,65.01648755257303,65.20357171581828,64.58886175309708,65.043212890625,1055033,0.0,0
2018-09-18,64.36613695596768,65.23029240813699,64.32159019779938,65.17684173583984,1821551,0.0,0
2018-09-19,66.10336310898735,67.19023894459959,66.05882314006293,67.17242431640625,2644030,0.0,0
2018-09-20,68.59782930533531,69.68470509092094,68.29493306181504,69.57779693603516,6269990,0.0,0
2018-09-21,70.3796017876337,71.2704828229202,70.29051504348163,70.81613159179688,4201829,0.0,0
2018-09-24,70.95866509982227,70.95866509982227,69.77379187064477,69.95196533203125,3952187,0.0,0
2018-09-25,69.31054059926062,70.860671548474,69.30162988663739,70.47759246826172,1429151,0.0,0
2018-09-26,71.27938843516253,71.86736634199282,71.13684421721433,71.29720306396484,1688851,0.0,0
2018-09-27,70.4864981032841,71.22592407257329,70.38850066213462,70.5844955444336,1678021,0.0,0
2018-09-28,70.59340580033322,71.08339305009201,70.16578674316406,70.16578674316406,3587489,0.0,0
2018-10-01,69.51543854167828,70.12123785171634,69.41744109469549,70.06778717041016,998993,0.0,0
2018-10-02,70.00543000558294,70.41523444641149,69.27490786377852,69.55107879638672,1754241,0.0,0
2018-10-03,69.5065283065877,70.91412183029779,69.49762439089696,70.82503509521484,1635285,0.0,0
2018-10-04,71.13684252459721,71.35065204954975,70.74485952833126,71.2259292602539,1792664,0.0,0
2018-10-05,71.12792632216647,71.67136420367564,70.63794591543117,71.32392120361328,1357914,0.0,0
2018-10-08,70.0232425261861,70.42414303877484,69.55998741477245,70.16578674316406,1601359,0.0,0
2018-10-09,70.14796404947573,70.70922339757715,69.51543939105603,70.1212387084961,1151252,0.0,0
2018-10-10,70.65576679705791,71.17693134328621,70.15687563421693,70.53104400634766,2044581,0.0,0
2018-10-11,68.82054466168451,69.17689835587858,68.15238403390117,68.25038146972656,3123395,0.0,0
2018-10-12,68.758186873395,69.82724121504427,68.74927616143144,69.51543426513672,2477163,0.0,0
2018-10-15,68.89183340753249,69.22145504688754,68.06331375699506,69.04328155517578,1589647,0.0,0
2018-10-16,69.32835479182289,70.4820439830781,69.32835479182289,70.1123275756836,1980451,0.0,0
2018-10-17,70.70921995147374,70.86957878641853,69.5688866824875,69.94306182861328,1379190,0.0,0
2018-10-18,69.96088155664803,70.66467833927861,69.59562389296116,70.19251251220703,1125816,0.0,0
2018-10-19,68.86510680261208,69.27936322185465,68.7047479442543,68.99873352050781,1714685,0.0,0
2018-10-22,68.50875341925467,70.12124592862638,68.17912498717324,69.73816680908203,1833957,0.0,0
2018-10-23,70.07670983934281,70.07670983934281,69.01655916667376,69.19473266601562,1608136,0.0,0
2018-10-24,68.66911146916787,69.00764381391444,67.92076786909277,68.59783935546875,1580718,0.0,0
2018-10-25,67.06551864063832,67.19915214612561,65.41739019798162,65.49756622314453,2893322,0.0,0
2018-10-26,66.32608325595986,66.72698375703906,65.39066234720603,66.06773376464844,3153294,0.0,0
2018-10-29,66.51316835423258,67.04769551153237,66.47753230416173,66.54879760742188,1163927,0.0,0
2018-10-30,66.52208327882302,68.3483920651488,66.46863259331116,68.15239715576172,1658046,0.0,0
2018-10-31,67.88513604984446,68.17021772555378,67.43969550674342,68.06331634521484,1657419,0.0,0
2018-11-01,69.48871612548828,69.81834453347405,69.08782240505575,69.48871612548828,2607030,0.0,0
2018-11-02,69.48871571019517,70.17469106696242,68.56219868510001,69.81834411621094,1490271,0.0,0
2018-11-05,70.28159928114037,71.35956444077267,70.00542835504355,70.92303466796875,2285884,0.0,0
2018-11-06,71.44865124008118,72.60679922250601,71.24375242276261,72.38407897949219,2518609,0.0,0
2018-11-07,72.0989973403098,72.4909871430165,71.68028219594262,72.38407897949219,2593991,0.0,0
2018-11-08,73.14132345852423,73.78275881970245,72.38407602258742,72.58898162841797,2747218,0.0,0
2018-11-09,72.19699478358619,72.79388340355027,72.01881451106395,72.36626434326172,2472014,0.0,0
2018-11-12,72.20590762793294,74.08566707801754,72.12572480371036,73.56895446777344,7034760,0.0,0
2018-11-13,72.16135273492132,72.39298367151837,71.6624616070648,71.72482299804688,5353890,0.0,0
2018-11-14,71.16357078635922,71.26156823866836,69.67580116949503,69.88070678710938,3995639,0.0,0
2018-11-15,69.39072291773641,69.98761157688376,68.52656723070193,69.34617614746094,8709249,0.0,0
2018-11-16,70.1123313989076,70.99430847533756,70.09451676968392,70.65576934814453,3227883,0.0,0
2018-11-19,70.49540584576694,71.18138797105716,69.98760398536866,70.7715835571289,3265643,0.0,0
2018-11-20,70.88739567470788,71.26156403588503,70.25487102694207,71.16356658935547,2111138,0.0,0
2018-11-21,69.84507242525916,69.84507242525916,68.69583510867676,68.86510467529297,3814464,0.0,0
2018-11-22,68.82055961938215,69.48872039238586,68.45529513430301,68.61565399169922,2212765,0.0,0
2018-11-23,68.65129345281169,68.82056303203551,67.7336870332192,68.40184783935547,2212837,0.0,0
2018-11-26,67.06552166251777,67.06552166251777,65.93410576509457,65.96974182128906,3389431,0.0,0
2018-11-27,65.9251937850702,65.9251937850702,65.09667418589605,65.56884002685547,2208713,0.0,0
2018-11-28,65.21248710872088,65.26594459111543,63.564358602239125,64.1434326171875,3254042,0.0,0
2018-11-29,66.04100714751547,66.1924620855873,65.06995010436846,65.25703430175781,3206120,0.0,0
2018-11-30,65.67574221947507,65.92518778847088,65.13230431692766,65.28375244140625,6704139,0.0,0
2018-12-03,66.37062966873124,67.15906119946666,66.2815429345926,66.80715942382812,2976859,0.0,0
2018-12-04,66.79825884736381,67.0387937212503,65.47975200680263,65.48866271972656,2188109,0.0,0
2018-12-05,65.3461142944211,66.10336171903553,64.90958454560041,65.66683197021484,1949640,0.0,0
2018-12-06,65.35502745899964,65.67574514682724,64.14342881540257,64.33051300048828,2536046,0.0,0
2018-12-07,64.67795816157938,64.87395306581075,64.01870813570501,64.42851257324219,2067568,0.0,0
2018-12-10,64.16124598001309,64.94522560208353,63.92071110307583,64.09888458251953,1867820,0.0,0
2018-12-11,64.4196044013516,65.01649985056926,64.12561883029053,64.92740631103516,2084287,0.0,0
2018-12-12,65.71138594224816,66.14791573894702,65.2748493486665,66.0142822265625,2321911,0.0,0
2018-12-13,66.816068498232,67.73367475143993,66.23254258751523,67.43077850341797,2596029,0.0,0
2018-12-14,67.12788477858543,67.82277089994429,66.263729085194,66.43299865722656,2344893,0.0,0
2018-12-17,66.77153012851053,68.00985420994598,66.69135409873606,67.85840606689453,2069372,0.0,0
2018-12-18,66.89625124666394,68.37511697401271,66.7893498763186,67.75150299072266,1516856,0.0,0
2018-12-19,67.20805962055942,68.42856214622313,66.90515656959153,68.2414779663086,2447560,0.0,0
2018-12-20,68.25929451301816,68.75818562380356,66.82497577262855,66.9140625,2970339,0.0,0
2018-12-21,67.70695664414755,68.0276743509494,66.75371423695394,67.40406036376953,6354140,0.0,0
2018-12-24,67.20806380296223,68.9541897210426,67.14570240577659,68.79383087158203,986471,0.0,0
2018-12-27,69.66689129063015,70.2014253266737,68.83837169102176,69.18582153320312,1289578,0.0,0
2018-12-28,69.24817534419651,69.64015831829741,68.96309372808591,69.55998229980469,822530,0.0,0
2018-12-31,69.64016553969834,70.5488679581359,69.39963066239581,69.90743255615234,1014963,0.0,0
2019-01-02,69.53326068714023,69.76488483978837,68.13457787111842,68.28602600097656,1099322,0.0,0
2019-01-03,68.50874623790286,68.9898227652895,68.04548433884212,68.28602600097656,1004795,0.0,0
2019-01-04,67.2615073967291,68.44638061523438,66.70025488122326,68.44638061523438,1229852,0.0,0
2019-01-07,69.93415832646866,70.36178419603593,69.77379947499126,70.29051208496094,1375034,0.0,0
2019-01-08,70.22815068825678,71.08339563052411,69.84507158732512,70.64686584472656,1505676,0.0,0
2019-01-09,70.82503681931462,71.6802817313182,70.45977236063601,71.28829193115234,1734387,0.0,0
2019-01-10,71.49319202909624,71.95644710519882,70.78939530439894,71.38628387451172,1174681,0.0,0
2019-01-11,70.78940200825579,71.43083740274409,70.76267666629919,70.95867156982422,861996,0.0,0
2019-01-14,70.94976382615125,71.25266690706177,70.23705629202996,70.73595428466797,906345,0.0,0
2019-01-15,69.97870261270437,71.38628937364847,69.9341558456421,71.27047729492188,1095559,0.0,0
2019-01-16,70.65576808346395,71.11011928468481,70.62459078365991,70.94976043701172,1066006,0.0,0
2019-01-17,71.43975447684497,71.86737357999166,71.07448997922754,71.62683868408203,1186103,0.0,0
2019-01-18,72.42861461264256,72.54442667432869,71.54663769213582,71.84954071044922,1191593,0.0,0
2019-01-21,72.17026344702786,72.41079829884958,71.27938254906587,71.72482299804688,887787,0.0,0
2019-01-22,71.05666818487533,71.68919285896911,70.9987587467296,71.27938842773438,882865,0.0,0
2019-01-23,71.27047728093741,71.3595640181621,70.4686830521504,70.91412353515625,1094318,0.0,0
2019-01-24,70.42414308197922,71.08339309370083,70.30832420639298,70.91412353515625,1296195,0.0,0
2019-01-25,70.80721592079708,71.83172350379611,70.78048378479453,71.6891860961914,2533082,0.0,0
2019-01-29,73.21259530364418,74.48655530897565,73.05223646392126,74.415283203125,2832097,0.0,0
2019-01-30,78.3975244756736,79.86747941896894,75.37743856519084,77.77391052246094,6375164,0.0,0
2019-01-31,78.74497050662022,79.7249382405281,77.55119323730469,77.55119323730469,2901964,0.0,0
2019-02-01,78.38861846762639,78.57570266481848,77.64028167885799,78.01445007324219,1883487,0.0,0
2019-02-04,77.51555718608903,77.73827743457473,76.50885731292882,77.21265411376953,1713699,0.0,0
2019-02-05,79.52893870570433,79.7783910788579,78.65587918875453,79.52003479003906,2822753,0.0,0
2019-02-06,79.51112585053951,81.15034355795189,79.06568536958412,81.05235290527344,2525909,0.0,0
2019-02-07,81.07017429608902,82.8786617121159,80.96326612486469,82.13922882080078,3402905,0.0,0
2019-02-08,80.55346212651258,81.3641671366338,79.99220951734762,80.68709564208984,2593493,0.0,0
2019-02-11,81.11472106665323,82.47776796456972,81.11026231146707,82.13922882080078,1841893,0.0,0
2019-02-12,81.31961654069553,82.36640443378175,81.24834442948911,81.97886657714844,1763226,0.0,0
2019-02-13,81.3017993519969,82.2104949521844,80.91872026242476,81.12361907958984,1919087,0.0,0
2019-02-14,80.98999323304616,82.33521862039868,80.91426236841596,81.87196350097656,1726017,0.0,0
2019-02-15,81.66706212073548,81.77397029086232,80.84745320707813,81.33744049072266,1347896,0.0,0
2019-02-18,82.14813192298818,83.2973691688582,82.06795589966069,82.49557495117188,1526067,0.0,0
2019-02-19,82.49558088953188,82.75393720032177,82.12141249330489,82.42430877685547,913672,0.0,0
2019-02-20,83.31518976127018,84.58024597167969,83.2973751315496,84.58024597167969,1940137,0.0,0
2019-02-21,84.48224384893115,84.98113501614012,83.37754655456503,84.3575210571289,1859914,0.0,0
2019-02-22,84.35752064466338,85.16821878741405,83.80517200018102,84.36642456054688,3712030,0.0,0
2019-02-25,84.0724394470282,85.12367926176857,84.0724394470282,84.74950408935547,1090258,0.0,0
2019-02-26,83.71608272847939,84.24169921875,83.56463460045723,84.24169921875,2033998,0.0,0
2019-02-27,84.54461329615434,85.07914056862248,84.41097977881655,84.74060821533203,1385833,0.0,0
2019-02-28,86.13928773888104,86.67381498989157,85.5245776619334,85.66712188720703,3216550,0.0,0
2019-03-01,85.34640334363684,85.34640334363684,84.20606994323396,84.56242370605469,2675630,0.0,0
2019-03-04,85.61366145176778,86.38873035697739,85.53348542547843,85.90765380859375,1905636,0.0,0
2019-03-05,85.53347774545247,85.61365376454283,85.16821331124461,85.1771240234375,2196696,0.0,0
2019-03-06,85.52457134683637,86.40654158572359,85.096945499474,86.10364532470703,2631750,0.0,0
2019-03-07,84.29133856073287,85.32997769228982,84.08822578134392,84.9837646484375,5155405,3.387,0
2019-03-08,83.98666469418552,84.09744835403967,83.18344794163285,83.64506530761719,1879906,0.0,0
2019-03-11,83.18345030780155,83.82971886479605,82.97111025789303,83.08189392089844,1212392,0.0,0
2019-03-12,84.0143661679165,84.8175829736136,83.76509587302981,84.13438415527344,1234699,0.0,0
2019-03-13,83.55274478597917,84.06052671542702,83.4142581648823,83.9312744140625,1075640,0.0,0
2019-03-14,84.42981540471831,85.29765832714982,84.42981540471831,84.72525024414062,1328063,0.0,0
2019-03-15,84.49443878413142,85.07608116784033,83.95896799780203,84.61446380615234,1725961,0.0,0
2019-03-18,85.23303595202093,86.53480039333718,85.12224524093364,86.01778411865234,1543562,0.0,0
2019-03-19,86.79330965255862,87.55036194285374,86.6271270988976,87.47650146484375,1751658,0.0,0
2019-03-20,85.84236868220829,85.9069948318512,84.34672587711567,85.02068328857422,2475207,0.0,0
2019-03-21,85.86083135757853,86.37784056122449,85.2053355333211,86.32244873046875,2075940,0.0,0
2019-03-22,86.63634798435652,87.24568631740128,86.43324225039727,86.9410171508789,1638931,0.0,0
2019-03-25,85.90700441537751,86.07318696781552,85.1776480487731,85.9808578491211,1018255,0.0,0
2019-03-26,85.86082805443776,86.92254937998432,85.86082805443776,86.59941864013672,1299675,0.0,0
2019-03-27,86.34091710841807,87.94735076374485,86.18396887980008,87.9196548461914,1648770,0.0,0
2019-03-28,87.9842726066703,89.00906372070312,87.9842726066703,89.00906372070312,2170796,0.0,0
2019-03-29,89.62762677406513,90.7262712823303,89.62762677406513,90.39391326904297,4660713,0.0,0
2019-04-01,90.93862618465266,92.22192197035962,90.93862618465266,91.88955688476562,1673953,0.0,0
2019-04-02,92.32348663716552,92.44350463405354,90.48625122532837,90.87400817871094,1746653,0.0,0
2019-04-03,92.24961642682425,92.73892972739252,91.87109383427462,92.61891174316406,1737411,0.0,0
2019-04-04,92.11113249592803,92.32347959824189,91.7972360462808,91.98188018798828,1011168,0.0,0
2019-04-05,91.75106663020559,92.69277001672323,91.63104864882366,92.24038696289062,1103169,0.0,0
2019-04-08,92.32348210727359,93.69910001842962,92.27731754873088,93.68987274169922,1376988,0.0,0
2019-04-09,93.67139770881862,94.36382377737321,93.47751925486999,93.78218841552734,910018,0.0,0
2019-04-10,93.33903599139646,94.26227078269359,93.33903599139646,94.01300048828125,852640,0.0,0
2019-04-11,93.60677205162365,93.71756275891721,92.37886812641177,92.76663208007812,1156153,0.0,0
2019-04-12,92.76662599063995,93.69908796852647,92.38809638169295,92.78508758544922,996971,0.0,0
2019-04-15,93.14515195775398,93.49136498377707,92.77585665458494,93.01589965820312,1014836,0.0,0
2019-04-16,93.24671419608721,94.93623555963842,93.06207005477206,93.43135833740234,1711315,0.0,0
2019-04-17,90.56932842572539,90.63395457708978,88.99983215332031,88.99983215332031,2654513,0.0,0
2019-04-18,90.20003875623323,90.66627684655687,89.59994176047522,90.23696899414062,1888359,0.0,0
2019-04-23,91.00325413068428,91.88955869515591,90.56933264684741,91.59412384033203,2212064,0.0,0
2019-04-24,92.32347516402926,92.32347516402926,90.70781434865876,90.83706665039062,4338744,0.0,0
2019-04-26,90.7909056869024,90.86476616044878,90.02462616595668,90.12618255615234,1681347,0.0,0
2019-04-29,90.24620056152342,90.79090570566503,89.86767091731186,90.24620056152344,907990,0.0,0
2019-04-30,89.73841095487596,89.92306212302752,87.54111488178633,88.04889678955078,2318305,0.0,0
2019-05-01,88.27047850937555,88.80595637609117,88.18738371584678,88.24278259277344,906765,0.0,0
2019-05-02,87.61497614571402,87.70729820876835,86.80252508590341,87.19951629638672,1509470,0.0,0
2019-05-03,87.19951475641716,87.67960074577623,86.68250557746597,87.1810531616211,1076858,0.0,0
2019-05-06,86.66404969065977,86.9687118090525,85.906997467167,86.72867584228516,1781159,0.0,0
2019-05-07,89.06446132808753,89.59993919683978,88.29817476180989,88.67670440673828,1764111,0.0,0
2019-05-08,88.16891305098027,88.66746062970886,87.808852084741,88.58436584472656,1303747,0.0,0
2019-05-09,88.4274248864797,88.80595452206573,87.33800757929855,88.03043365478516,1682444,0.0,0
2019-05-10,88.63053796803119,89.2767994898925,86.7379038710166,87.95657348632812,1663478,0.0,0
2019-05-13,87.81809366644761,88.65823364257812,87.30107740664499,88.65823364257812,819188,0.0,0
2019-05-14,87.38417040736381,89.03676145342958,87.10719716515668,88.83364868164062,1293364,0.0,0
2019-05-15,89.09216131882131,91.01249146053912,89.09216131882131,90.76321411132812,1104169,0.0,0
2019-05-16,90.85553508785311,91.65874481201172,90.03384968049622,91.65874481201172,1388159,0.0,0
2019-05-17,93.56983947753906,94.12377891271936,93.24670872732739,93.56983947753906,1730952,0.0,0
2019-05-20,94.61310608049085,94.85314205872884,94.04069796465338,94.53924560546875,1340545,0.0,0
2019-05-21,93.99452691546715,94.18840536621879,92.35117020019145,93.49597930908203,1967605,0.0,0
2019-05-22,93.35750403123647,94.25303585630782,92.98820870834841,93.89297485351562,1166338,0.0,0
2019-05-23,93.24671019204118,93.72678916507927,92.72046666379538,93.2282485961914,936587,0.0,0
2019-05-24,92.37887213415019,93.79142025574399,92.13883615685052,93.47752380371094,1641985,0.0,0
2019-05-27,94.16995213743397,95.49017821875671,94.16995213743397,95.11164855957031,1157923,0.0,0
2019-05-28,99.7001224721616,99.7001224721616,96.51496528100908,97.2258529663086,2500930,0.0,0
2019-05-29,96.47803375910411,97.23508599106302,95.79022131761734,96.50572967529297,1549679,0.0,0
2019-05-30,94.48384386321261,94.67772936519897,93.29287719726561,93.29287719726562,1944382,0.0,0
2019-05-31,92.85896086311722,93.11746548844147,92.23116089716285,92.60045623779297,4180034,0.0,0
2019-06-03,91.38177835586461,91.38177835586461,89.41528383680328,89.65532684326172,1676995,0.0,0
2019-06-04,91.40025177931481,91.5572000161191,90.89246978527385,90.99402618408203,1854818,0.0,0
2019-06-05,92.35117273019576,92.4988936740851,91.61258914191596,91.87109375,871319,0.0,0
2019-06-06,91.56642181336402,91.63104796342813,89.2952651977539,89.2952651977539,1751300,0.0,0
2019-06-07,90.47701263427734,90.65242950460038,89.80304811439628,90.47701263427734,1314778,0.0,0
2019-06-11,91.40024394333837,92.83126068115234,91.30792187335221,92.83126068115234,2210654,0.0,0
2019-06-12,94.26227720770451,95.09318998525228,94.01300689630166,94.5484848022461,1680681,0.0,0
2019-06-13,95.09317734361183,95.15780349306735,93.74525548088106,94.03145599365234,1508133,0.0,0
2019-06-14,95.69328569082957,97.43819884940743,95.55479906604735,97.25354766845703,2071638,0.0,0
2019-06-17,95.52710026754637,96.46879660895193,94.44691730553708,95.88716125488281,1163436,0.0,0
2019-06-18,94.80698644547333,96.41341306893824,94.71004368959782,95.73944854736328,1575321,0.0,0
2019-06-19,98.33373680881145,98.64763324797718,97.26278110024595,97.59514617919922,1501003,0.0,0
2019-06-20,93.616015016691,94.10532835924377,92.47120577715971,93.6806411743164,2963398,0.0,0
2019-06-21,93.80988066539233,94.53000262155278,93.2097766873513,93.74525451660156,1888565,0.0,0
2019-06-24,93.44982547543533,93.9206771850586,92.96051216946636,93.9206771850586,943525,0.0,0
2019-06-25,94.32688876777792,95.41630600891565,94.26226261973254,94.52076721191406,1535491,0.0,0
2019-06-26,94.14225409096646,95.38861966762316,94.04993201931089,95.24090576171875,1753031,0.0,0
2019-06-27,95.73944981762082,98.23218810474938,95.2501364808112,98.10293579101562,1712330,0.0,0
2019-06-28,96.90271681473517,96.97657728393271,95.12087349674614,95.79483795166016,5969302,0.0,0
2019-07-01,96.47803834173162,97.10583829881428,96.21029939965139,96.70884704589844,962504,0.0,0
2019-07-02,97.84442115882139,98.6753267925135,97.493587448512,98.27833557128906,1376653,0.0,0
2019-07-03,98.7861108390994,99.6539536929852,98.60146672044019,98.832275390625,996919,0.0,0
2019-07-04,99.01692276265125,99.07231459132467,97.9459671168193,98.04752349853516,909526,0.0,0
2019-07-05,98.09369423900331,98.10754219704515,95.72098116362996,95.95178985595703,2011775,0.0,0
2019-07-08,94.16995422808263,95.65636289263158,93.80989320188486,95.01010131835938,2185302,0.0,0
2019-07-09,96.10873751263973,96.69960719803423,95.71174628241634,96.33954620361328,1484169,0.0,0
2019-07-10,96.29338862465119,96.60728506317011,95.40707705345388,95.71174621582031,778007,0.0,0
2019-07-11,96.20105897578745,96.82885889303948,95.72098000081694,96.48726654052734,1174691,0.0,0
2019-07-12,95.9056218876348,95.99795099625834,94.97315987529095,95.60095977783203,1773083,0.0,0
2019-07-15,95.11163374541358,96.80115490227945,94.90852803230261,95.93331909179688,1204233,0.0,0
2019-07-16,94.89006839988,96.88425888125637,94.77005041568917,95.32398986816406,1439844,0.0,0
2019-07-17,94.58539833194745,96.21952780141484,94.49307626470416,95.27782440185547,1860755,0.0,0
2019-07-18,94.7792849552835,95.97948593114037,94.08685887715451,94.50231170654297,1379028,0.0,0
2019-07-19,94.1699505796871,95.44401208120155,94.08686282780951,94.46538543701172,1633699,0.0,0
2019-07-22,94.40999728234989,95.35169372561437,94.34537112490746,95.25013732910156,955860,0.0,0
2019-07-23,94.30843115821504,95.25012750434647,94.24841864545043,94.8716049194336,925868,0.0,0
2019-07-24,94.5853896325307,95.80405912173379,92.28653726411343,92.79431915283203,2053150,0.0,0
2019-07-25,89.55377312736952,90.13540849957013,88.37203374299364,88.89827728271484,3832334,0.0,0
2019-07-26,89.15677966115878,90.86476254250836,88.9905971241575,90.71704864501953,3979357,0.0,0
2019-07-29,91.1048062288149,91.90802300425845,90.34775400877422,91.19712829589844,1163859,0.0,0
2019-07-30,91.86185540093317,92.16652455155014,91.40023803710939,91.40023803710938,1075170,0.0,0
2019-07-31,91.30792236328125,91.63105313182784,90.82783632682136,91.30792236328125,1211212,0.0,0
2019-08-01,89.86767609270413,90.42162263259524,89.58609622801406,90.30159759521484,1589362,0.0,0
2019-08-02,88.03966915295658,88.07659938939011,86.34091349562567,87.49495697021484,3880677,0.0,0
2019-08-05,86.68250479522362,86.68250479522362,84.2636273629043,84.62369537353516,2565617,0.0,0
2019-08-06,82.16788975737707,85.54693220029617,81.50315963459155,84.37442016601562,3393874,0.0,0
2019-08-07,84.52215080489742,84.559073999316,82.22329102573114,82.6295166015625,2726362,0.0,0
2019-08-08,80.61074970987936,82.7181004672951,80.3683164784584,82.54093170166016,2608270,0.885,0
2019-08-09,82.80202412614761,83.53865746950163,81.5991560714248,81.76699829101562,2227604,0.0,0
2019-08-12,80.41493921126488,80.41493921126488,79.27734266174402,79.51978302001953,2886670,0.0,0
2019-08-13,79.72491454278142,80.37763029575004,79.37990357960193,80.00465393066406,2554366,0.0,0
2019-08-14,82.96053446189059,83.80906493504357,81.31008488980473,82.00010681152344,3904259,0.0,0
2019-08-15,80.36831325954137,80.56412799126258,79.59437376221342,79.81816101074219,2577601,0.0,0
2019-08-16,79.77154388063867,79.77154388063867,78.62462087349864,78.99760437011719,2881414,0.0,0
2019-08-19,79.64100653197505,79.81816819238578,78.8577404205474,79.22139739990234,1336378,0.0,0
2019-08-20,79.27732981914039,80.06992234886718,78.77381032331408,80.03262329101562,1660407,0.0,0
2019-08-21,79.93938346837368,79.93938346837368,77.9532494377037,78.04649353027344,1802444,0.0,0
2019-08-22,78.04650240511909,79.11882737677828,77.83204167922868,78.52205657958984,1659753,0.0,0
2019-08-23,78.40083282668938,79.45450461344615,77.6921649017022,79.2586898803711,1213462,0.0,0
2019-08-26,77.20728986680861,77.66419090192721,76.85295235404587,77.18863677978516,1536167,0.0,0
2019-08-27,77.38445304058733,78.3075887866737,77.3518208087529,78.10244750976562,1947983,0.0,0
2019-08-28,78.27960314233187,80.29370958190864,78.10244151012182,80.03262329101562,1868765,0.0,0
2019-08-29,80.76927138849673,80.82521642358157,79.35193551108686,79.89276123046875,1492886,0.0,0
2019-08-30,80.89048918199268,81.925515030565,80.7785919961229,81.6644287109375,3342679,0.0,0
2019-09-02,82.07470067873547,83.02580893306482,82.07470067873547,82.82999420166016,1319475,0.0,0
2019-09-03,82.5222730713882,82.83930437803998,81.76698674689746,82.19591522216797,857397,0.0,0
2019-09-04,81.24481356975824,82.43836212158205,80.62007033500615,82.43836212158203,1503460,0.0,0
2019-09-05,84.13543176183443,84.60165933931223,83.53865391772004,83.94893646240234,1732283,0.0,0
2019-09-06,84.75084950850659,85.28700838358162,84.24732286494138,84.26597595214844,1817602,0.0,0
2019-09-09,83.93961673147867,84.29395427212363,83.4827156604073,84.21002960205078,1325079,0.0,0
2019-09-10,84.76017925447441,85.03059211664649,83.3241973902168,83.95826721191406,1966969,0.0,0
2019-09-11,85.29167567606164,86.10290712226958,84.85342060720207,85.87911987304688,2420959,0.0,0
2019-09-12,86.53184194377165,86.53184194377165,86.03763473172563,86.4199447631836,1383934,0.0,0
2019-09-13,86.49454652428695,87.11928980221312,86.14020899454421,86.9887466430664,1334714,0.0,0
2019-09-16,87.6507862953992,87.85592757178831,86.0096631983547,87.75335693359375,1564863,0.0,0
2019-09-17,86.59710903685986,86.79292375719902,85.89310087247243,86.3919677734375,1890680,0.0,0
2019-09-18,85.78587313955504,86.93279609541517,85.36627117091274,86.64373016357422,1421140,0.0,0
2019-09-19,87.2684765719039,87.42699935863365,86.29872944852386,86.75563049316406,2104274,0.0,0
2019-09-20,86.45723802318663,86.86752054374973,85.841814242342,86.19615173339844,2062849,0.0,0
2019-09-23,86.71832617783097,87.18455373792683,86.52251145627886,86.56912994384766,1160444,0.0,0
2019-09-24,87.55754251424513,87.63214063575695,86.39197354337944,86.75563049316406,1704194,0.0,0
2019-09-25,84.78814907124928,85.07720789805623,84.10745366552545,84.86274719238281,1583528,0.0,0
2019-09-26,84.93733320481016,86.00033858328328,84.9000412605047,84.9746322631836,1780728,0.0,0
2019-09-27,84.7322068880809,85.61803648562132,84.66693530841022,85.41289520263672,4145331,0.0,0
2019-09-30,85.54343802284043,87.60416316035193,85.29167824912838,86.4106216430664,1884957,0.0,0
2019-10-01,86.41061611869603,86.59711141514181,85.49681406535015,86.34534454345703,1367542,0.0,0
2019-10-02,85.10518200135975,85.50613801734099,84.34056903065931,84.93733978271484,1454335,0.0,0
2019-10-03,82.04672716464246,82.45700970968501,81.3567123413086,81.3567123413086,2107333,0.0,0
2019-10-04,81.83226118139874,82.2798356434066,81.54319526419803,81.72969055175781,1433596,0.0,0
2019-10-07,81.59915739704746,82.49431354471797,81.59915739704746,81.68307495117188,938930,0.0,0
2019-10-08,82.33579175067223,82.85796435284341,81.86023763708452,82.59687805175781,1116259,0.0,0
2019-10-09,81.49657914160812,82.44768023651169,81.22616630235417,81.82293701171875,972400,0.0,0
2019-10-10,81.4033353169801,82.16794823547019,81.26346562531538,81.98145294189453,1140997,0.0,0
2019-10-11,83.68784884318468,84.29394610720244,83.65054978388395,83.89299011230469,1759839,0.0,0
2019-10-14,85.57140743448305,86.53184223106557,85.37559270335507,85.70195770263672,1543480,0.0,0
2019-10-15,84.8534140656901,84.97929749607819,84.22400402781746,84.48043060302734,1288053,0.0,0
2019-10-16,85.22639697086932,85.41288514394691,83.59460055720304,83.74378967285156,1292653,0.0,0
2019-10-17,82.47565114620288,82.52227674705435,81.27279032179503,81.3287353515625,2353765,0.0,0
2019-10-18,81.71104298113164,82.6015393649065,81.64577140459711,81.9348373413086,1450964,0.0,0
2019-10-21,81.5805021714573,82.28917010423751,81.48725807573929,82.16795349121094,672390,0.0,0
2019-10-22,82.59687986800215,83.80906730885009,82.57822678090406,83.38946533203125,1178994,0.0,0
2019-10-23,83.54797888621253,84.2752927551161,83.5200063703421,83.7344741821289,971068,0.0,0
2019-10-24,84.48043692426731,85.14247924084873,84.1913780982571,84.28462219238281,1098212,0.0,0
2019-10-25,84.74152585177251,85.0492377745565,84.30327788443395,84.67625427246094,1856714,0.0,0
2019-10-28,85.13316582956108,85.91642481246963,84.9746430328658,85.08654022216797,664716,0.0,0
2019-10-29,85.9257402163332,86.26608434115636,85.78587052635707,85.97235870361328,935388,0.0,0
2019-10-30,85.38492033961545,85.52479003908772,84.67625241260612,85.03990936279297,854707,0.0,0
2019-10-31,84.35922082024251,84.93733847573696,84.0701619924953,84.74152374267578,1178667,0.0,0
2019-11-01,83.98623917759403,84.58300993361321,83.65988128196925,84.37786865234375,1358587,0.0,0
2019-11-04,85.98169561693715,87.82796009635027,85.98169561693715,87.36173248291016,2230173,0.0,0
2019-11-05,88.07971348484392,88.83499988729835,88.01444190826228,88.43404388427734,1529149,0.0,0
2019-11-06,89.23595905248186,89.26393868406687,88.51797168464125,88.6858139038086,1262004,0.0,0
2019-11-07,88.58324089227031,88.87229971762743,88.05174173147942,88.73243713378906,1208775,0.0,0
2019-11-08,88.76972697383177,89.18933605759575,88.39675060702136,88.7977066040039,1478685,0.0,0
2019-11-11,87.58551370185113,87.58551370185113,86.27074850791834,86.6996841430664,1583975,0.0,0
2019-11-12,86.1588524438498,87.11928005615812,85.73924338147549,87.05400848388672,1270245,0.0,0
2019-11-13,86.71832376057664,87.00738256327686,85.1238264031832,85.59938049316406,1526374,0.0,0
2019-11-14,85.45951683318273,86.23345632332624,84.86274609993356,86.1215591430664,1064343,0.0,0
2019-11-15,85.95371559657143,87.60415807391296,85.81384590193309,87.22185516357422,1201064,0.0,0
2019-11-18,87.65078445298371,88.489995514177,87.59483942026024,87.97714233398438,1119649,0.0,0
2019-11-19,88.16363944312886,88.86298082280231,87.98647068377636,88.76972961425781,1089223,0.0,0
2019-11-20,88.20093141514101,88.6858120890663,87.45497154504822,88.03309631347656,911032,0.0,0
2019-11-21,86.63441281786268,87.52956892281172,86.54116161008331,86.9980697631836,1281539,0.0,0
2019-11-22,87.1192858236279,88.33148037642405,87.1192858236279,87.6974105834961,946178,0.0,0
2019-11-25,88.48999235216964,89.81407691581212,88.39674826293965,89.44109344482422,1231549,0.0,0
2019-11-26,89.98192863742182,90.05652676232157,89.17069003579171,89.49705505371094,1844096,0.0,0
2019-11-27,90.15909181130071,90.58802033175677,89.79543486756475,90.44815063476562,919340,0.0,0
2019-11-28,91.52047362507257,91.52047362507257,90.54139288018528,90.81180572509766,792703,0.0,0
2019-11-29,91.10087170815333,91.29202673470613,90.233688073181,90.35491180419922,3328913,0.0,0
2019-12-02,90.30828588992988,91.56709900374189,89.56232598851881,90.93302917480469,1625390,0.0,0
2019-12-03,89.68353038870607,90.61598547400597,89.3664919603889,90.46678924560547,1207610,0.0,0
2019-12-04,89.11474032966817,89.15203939016362,87.28712904980094,88.61121368408203,1627448,0.0,0
2019-12-05,89.51569234783445,89.77677864559807,89.07743729913062,89.31987762451172,973018,0.0,0
2019-12-06,88.8909491190332,89.38514919895263,88.48999312916246,89.31987762451172,787750,0.0,0
2019-12-09,89.78610337248479,91.16613295105167,89.78610337248479,90.83977508544922,1448588,0.0,0
2019-12-10,91.1008590572294,92.378325086123,91.00761497144228,92.04264068603516,1165416,0.0,0
2019-12-11,91.6883160746197,92.40630340576172,91.6883160746197,92.40630340576172,1113408,0.0,0
2019-12-12,92.49954539280472,92.95645352538563,92.04264437429183,92.33170318603516,1013426,0.0,0
2019-12-13,93.71174095581148,94.82602455624571,93.49727314482712,93.80498504638672,1729477,0.0,0
2019-12-16,94.4390610983595,95.22232716219682,93.95418752670294,94.90528869628906,1034237,0.0,0
2019-12-17,95.29691025564553,96.44383318147698,95.29691025564553,96.32261657714844,1652294,0.0,0
2019-12-18,95.57665358958766,95.73516925889645,95.1197525546107,95.33421325683594,1259954,0.0,0
2019-12-19,95.33421403929408,95.71652407154303,94.9425845775281,95.35286712646484,1372639,0.0,0
2019-12-20,95.55800496783915,96.6583023071289,95.42745470453909,96.6583023071289,4205823,0.0,0
2019-12-23,95.91233961572614,95.96828464957615,94.89595977835113,94.95191192626953,721473,0.0,0
2019-12-24,95.66057299497976,96.01491051450755,94.99387095956241,95.11042785644531,499674,0.0,0
2019-12-27,95.20366563580444,96.08950226179357,95.13839406244254,95.58597564697266,580780,0.0,0
2019-12-30,95.11042550020031,95.24562836704489,94.27121444062018,94.73744201660156,697019,0.0,0
2019-12-31,93.71174384931368,94.52298240190964,93.61849975585938,93.61849975585938,814010,0.0,0
2020-01-02,93.35741290248055,94.58825342545546,93.34808635896918,94.31784057617188,482963,0.0,0
2020-01-03,96.04288252614249,96.04288252614249,94.46703101207575,94.51365661621094,583109,0.0,0
2020-01-06,93.9728288270362,94.3178397934109,93.24551494868736,94.29918670654297,660362,0.0,0
2020-01-07,94.20593868221765,95.11042127771739,93.61849452362561,94.86798095703125,832047,0.0,0
2020-01-08,94.34581732493561,95.035832180297,93.32943745865012,94.04743194580078,1185405,0.0,0
2020-01-09,94.336481830184,95.71651852403494,94.18729271180624,95.28759002685547,1002925,0.0,0
2020-01-10,94.79339570811841,95.78179590880488,94.24324346017916,95.51138305664062,952153,0.0,0
2020-01-13,94.78406446023635,95.25961856382403,94.53229759372074,95.18502044677734,577652,0.0,0
2020-01-14,94.79339564884087,96.94736480712892,94.73744350127984,96.9473648071289,1087186,0.0,0
2020-01-15,96.42518537348876,96.97533046812265,96.10814693995077,96.40653228759766,786237,0.0,0
2020-01-16,96.84479154843643,96.84479154843643,96.0615255303975,96.41586303710938,1236149,0.0,0
2020-01-17,97.02195976361567,98.42996189709608,96.97533416118017,98.13157653808594,1155300,0.0,0
2020-01-20,98.51389125648585,99.8939209399415,98.36469501283203,99.01741790771484,1187171,0.0,0
2020-01-21,98.98011726705617,99.40904578961246,98.38334653010237,99.25984954833984,1131171,0.0,0
2020-01-22,98.7469998087611,100.50933943745851,98.59780357302871,100.12702941894531,1252911,0.0,0
2020-01-23,100.11771530542224,100.18298688350367,98.56050974707634,99.01741790771484,923602,0.0,0
2020-01-24,97.32034779597238,97.71197725654329,95.930984482792,96.21072387695312,1884003,0.0,0
2020-01-28,90.57869497453433,93.33876143409745,90.56936843086123,93.23619079589844,2076713,0.0,0
2020-01-29,94.11270434921516,94.1593299552036,93.3667373378122,93.64647674560547,1264507,0.0,0
2020-01-30,93.15227671911327,93.27349333511081,92.49023437499999,92.490234375,1505797,0.0,0
2020-01-31,93.07767544661591,93.32943521411583,92.09859466552734,92.09859466552734,3248392,0.0,0
2020-02-03,90.1404353145164,91.02627195257342,89.57163711858476,90.3176040649414,1816783,0.0,0
2020-02-04,89.65556568451493,91.19411813210037,89.37582628892908,90.76518249511719,1932022,0.0,0
2020-02-05,91.38994093740553,91.83751547300271,90.98898489581237,91.78157043457031,1414163,0.0,0
2020-02-06,92.49954854843408,92.779287940616,91.837506241943,92.443603515625,1457364,0.0,0
2020-02-07,92.25712460345267,92.36901468031748,91.20344561918256,91.78157043457031,1380075,0.0,0
2020-02-10,91.38060365888109,91.99602746562218,90.63463670175275,91.66966247558594,1235439,0.0,0
2020-02-11,91.19411573452392,92.12657087653717,90.52274689402347,91.96804809570312,1618289,0.0,0
2020-02-12,92.20116856273336,92.20116856273336,90.56937194595902,90.91438293457031,1406169,0.0,0
2020-02-13,92.3037327830366,92.44360247755694,90.95167566883242,91.38993072509766,1513667,0.0,0
2020-02-14,91.16614269664042,91.72562151355864,90.99830047437868,91.05425262451172,1509923,0.0,0
2020-02-17,90.9610090430292,91.52980729314305,90.69991560708567,91.23141479492188,739790,0.0,0
2020-02-18,90.92370263252576,92.38765691678388,90.70923482027922,91.66966247558594,1041502,0.0,0
2020-02-19,91.80952662784469,91.89345128463845,90.95166965877354,91.46451568603516,833858,0.0,0
2020-02-20,91.13816306792144,91.92142908205457,91.04491897706629,91.51114654541016,1162464,0.0,0
2020-02-21,91.38060392251928,91.74426085879978,90.96100195421661,91.09154510498047,914264,0.0,0
2020-02-24,90.91438123217041,90.94235374968319,88.48067261159915,88.82568359375,2052755,0.0,0
2020-02-25,86.95144363063329,87.72538312045928,86.46657007784287,87.27780151367188,1782502,0.0,0
2020-02-26,85.82317352941294,86.69035711024277,85.2823478308162,85.68330383300781,1848108,0.0,0
2020-02-27,85.17977909180968,86.62508746341041,83.86502099007853,84.30327606201172,2603408,0.0,0
2020-02-28,80.82521345258172,81.9441567975592,80.75061533249836,81.37535858154297,5142427,0.0,0
2020-03-02,80.78791257339371,80.81588508927803,77.82270495049752,80.44290161132812,2894077,0.0,0
2020-03-03,82.10268343931806,84.2007076452897,82.07470380742079,82.8020248413086,3862089,0.0,0
2020-03-04,82.80202371965085,84.5363909422187,82.27984397567148,83.92096710205078,2193560,0.0,0
2020-03-05,87.79906321900253,88.7401151361188,85.57740647696983,85.81024169921875,3093375,3.4974,0
2020-03-06,84.11247029000002,85.06322583954619,83.54008215633422,83.6759033203125,1925868,0.0,0
2020-03-09,79.339310356593,79.97961649704553,75.73033095109334,78.35945129394531,4335659,0.0,0
2020-03-10,76.15719805674458,81.2214103729425,75.92436283579819,81.11469268798828,4036316,0.0,0
2020-03-11,82.56992875904722,83.34605605921115,79.90200134206913,80.2415542602539,2530495,0.0,0
2020-03-12,79.74677627668267,79.74677627668267,74.03256117893946,75.09003448486328,2721682,0.0,0
2020-03-13,71.79149998146286,80.37737383674408,70.59820557637507,78.66020202636719,4541137,0.0,0
2020-03-16,75.6721258676164,78.52438528809324,74.72137026022453,75.33257293701172,2932528,0.0,0
2020-03-17,78.56318521982898,83.43336192671076,77.29227665034881,80.52289581298828,3838521,0.0,0
2020-03-18,79.98931186320199,80.41618261891965,75.39077721930161,77.5251235961914,3039026,0.0,0
2020-03-19,77.6609460020166,86.4699517797905,77.01093623134533,78.11691284179688,4215187,0.0,0
2020-03-20,80.52289739469204,81.30872089228957,77.62213485017803,79.55274200439453,2904734,0.0,0
2020-03-23,74.31390289022461,77.12735505822273,73.92583924606998,76.36093139648438,2691849,0.0,0
2020-03-24,76.64228431831962,77.69975025799735,74.57585577282975,77.17587280273438,2501542,0.0,0
2020-03-25,83.43336717803878,84.30650854745099,79.39266891429389,81.31842803955078,2981221,0.0,0
2020-03-26,84.30650699158834,87.25578033956425,83.91844334548917,85.49979400634766,3827875,0.0,0
2020-03-27,86.81920039518636,87.80876299937304,82.86097218353345,83.21992492675781,5353311,0.0,0
2020-03-30,82.15276121913577,84.92740631103516,81.27961986124812,84.92740631103516,1887664,0.0,0
2020-03-31,86.3438321933747,87.11025586172195,81.19230929285281,82.0460433959961,3359181,0.0,0
2020-04-01,85.21844956330469,87.10055346924888,84.40352255353415,85.7617416381836,2860444,0.0,0
2020-04-02,84.11246700512731,85.20874730232202,82.87066932485192,84.79158020019531,1744981,0.0,0
2020-04-03,87.47891537118193,88.44907082363385,85.46099025367425,86.27592468261719,2393175,0.0,0
2020-04-06,86.53785643779726,88.60429212240372,86.53785643779726,87.6826400756836,2105231,0.0,0
2020-04-07,89.63266379185636,90.64162637460889,86.55727271084169,87.94459533691406,1854773,0.0,0
2020-04-08,86.4602481779402,88.38115164201527,84.95650441221545,86.5960693359375,1632186,0.0,0
2020-04-09,87.32369755354237,87.94459647377045,85.53860760661244,86.72219848632812,1494601,0.0,0
2020-04-14,86.75130176059729,88.44907386068405,86.75130176059729,88.11922454833984,2216325,0.0,0
2020-04-15,87.39159736172606,87.9542892518046,86.26621358156896,87.10054779052734,1833608,0.0,0
2020-04-16,85.38337989869011,86.140099935921,84.92740567069241,85.90726470947266,2204001,0.0,0
2020-04-17,87.76025690045239,89.98191366236857,87.63413936262596,88.77892303466797,2539094,0.0,0
2020-04-20,88.65280159096395,89.65206791326322,85.8102458509385,86.26622009277344,1685407,0.0,0
2020-04-21,85.07293362652263,86.20801372457994,84.07367469908591,84.46173095703125,1700464,0.0,0
2020-04-22,82.46321599502485,83.38486074252496,81.36694296464378,82.59903717041016,2039017,0.0,0
2020-04-23,84.47143085592096,84.98561203653442,83.22963312122467,83.43336486816406,1727211,0.0,0
2020-04-24,84.19978823117154,84.93710840919672,82.98709397862274,84.66545867919922,2749355,0.0,0
2020-04-27,84.88860404354402,85.44159236810258,83.53038489850753,84.40352630615234,1088788,0.0,0
2020-04-28,84.12217569544485,84.47143223926004,82.75910851274594,83.20053100585938,1710070,0.0,0
2020-04-29,83.82143029075644,83.82143029075644,82.22067235744002,82.95799255371094,1895370,0.0,0
2020-04-30,85.35427438803794,85.50949540140772,84.32590464245796,84.89830017089844,2026373,0.0,0
2020-05-01,82.36619367236206,82.36619367236206,80.12512969970703,80.12512969970703,2016098,0.0,0
2020-05-04,79.41692665758127,79.4557337642388,77.70945097314393,78.87364196777344,1717690,0.0,0
2020-05-05,79.6691697099052,80.58111081682034,79.19378820128368,80.28036499023438,1323805,0.0,0
2020-05-06,80.18334351720657,80.42588236184318,79.06766335153847,79.54303741455078,1369640,0.0,0
2020-05-07,79.84379335348319,79.91170393624267,78.66020256679079,79.0773696899414,2203546,0.0,0
2020-05-08,80.99826987242083,81.35723002439124,80.38707465315042,80.52289581298828,1799428,0.0,0
2020-05-11,81.81320935689577,81.91992704655156,80.91096450906862,81.48335266113281,1130217,0.0,0
2020-05-12,80.94976867168701,81.28932158020282,79.65946021762865,80.13483428955078,1150207,0.0,0
2020-05-13,79.21319124247974,81.41544078132408,79.07737007629719,81.2214126586914,1653419,0.0,0
2020-05-14,81.32812712444255,81.48334813605916,80.4646894300491,80.77513885498047,3198855,0.0,0
2020-05-15,81.76469229121962,83.04529706619641,81.45424287309487,82.81246185302734,1843958,0.0,0
2020-05-18,84.99532093291214,88.44907202188665,84.38412565419887,87.60504150390625,2628334,0.0,0
2020-05-19,91.58267513442996,92.44611288500742,90.20505618426127,91.69908905029297,2493323,0.0,0
2020-05-20,90.7095321243196,91.73789450499297,90.36027557961948,91.34983825683594,1088751,0.0,0
2020-05-21,92.94088911331629,93.23193128864173,90.38937570627708,90.40878295898438,1620057,0.0,0
2020-05-22,90.10803024144357,90.31176198577931,88.16771945535281,88.60429382324219,2435786,0.0,0
2020-05-25,90.10803725895099,90.20505872717004,89.1281855648882,89.74908447265625,992502,0.0,0
2020-05-26,90.21474892377859,91.04908316315371,89.2542971465252,91.00057983398438,1488434,0.0,0
2020-05-27,88.28414243793343,88.83713072636684,87.41100108732847,88.78861999511719,2316899,0.0,0
2020-05-28,89.55504274902279,91.18490411970357,89.45802868920693,90.83564758300781,1691575,0.0,0
2020-05-29,90.70952473528901,91.96102601823631,90.15653648484233,90.61251068115234,3850357,0.0,0
2020-06-01,91.54386037512144,94.39611950248185,91.54386037512144,94.32820892333984,1779210,0.0,0
2020-06-02,93.54238506197821,94.78418283179413,93.06701097234212,94.07597351074219,1290429,0.0,0
2020-06-03,95.59911178257528,95.62821525962721,93.88193261952976,94.51253509521484,1558100,0.0,0
2020-06-04,95.45359135621683,96.23941487931035,94.62896072804855,95.46329498291016,2486050,0.0,0
2020-06-05,95.07523395585119,95.96292707945915,94.61925971077072,95.6573257446289,1284731,0.0,0
2020-06-09,98.65510733725337,100.18794728036218,98.31554701783136,98.34465789794922,2187813,0.0,0
2020-06-10,96.6371785803311,98.19912934374489,96.37523248119064,97.48121643066406,1336883,0.0,0
2020-06-11,96.21030695553706,97.58792581439585,95.77373999658967,95.90956115722656,1380022,0.0,0
2020-06-12,94.1050761332627,95.2692596814484,93.30954898160614,94.89089965820312,1815142,0.0,0
2020-06-15,95.08493471572164,96.16180782325394,93.85283318828992,93.97895812988281,1578886,0.0,0
2020-06-16,95.71553488850793,97.42300305564459,95.07522877455798,96.58866882324219,2136272,0.0,0
2020-06-17,97.01554638601526,97.31629221126829,94.98792501936296,95.91927337646484,1659207,0.0,0
2020-06-18,94.55135172425994,95.29837558511115,94.1826953082976,94.6968765258789,2199121,0.0,0
2020-06-19,95.35657727502141,95.73493729730062,93.06700988796347,93.40656280517578,2588772,0.0,0
2020-06-22,92.40730348470042,94.56104969507227,92.27148231843358,93.81402587890625,1062556,0.0,0
2020-06-23,94.78418083419147,95.59426711706905,93.21253380313424,95.12374114990234,1453855,0.0,0
2020-06-24,95.56030368361051,95.79313889929817,94.84239078424972,95.73493194580078,1233210,0.0,0
2020-06-25,94.56104392193055,95.30806029079129,94.0759662429644,94.16327667236328,1756393,0.0,0
2020-06-26,94.59015317903906,96.16180761954838,94.21179315845879,96.03568267822266,3441872,0.0,0
2020-06-29,94.1535840544319,94.62895812555185,93.61999562645158,94.36701202392578,1124712,0.0,0
2020-06-30,95.45358985034176,95.68642507541875,94.27970269671816,95.03642272949219,1633924,0.0,0
2020-07-01,95.23046179159928,95.34687570761581,93.50357888646832,94.25060272216797,1055823,0.0,0
2020-07-02,94.57075399355607,95.07523155731695,93.43566652212174,94.89089965820312,931370,0.0,0
2020-07-03,94.24089167106126,94.88119776550397,93.00879761285822,93.51327514648438,1636862,0.0,0
2020-07-06,93.14462569672668,93.74611733134081,92.45581622378877,92.60133361816406,1366166,0.0,0
2020-07-07,93.27074259994286,93.84313815345817,92.89238257376263,93.41626739501953,2441922,0.0,0
2020-07-08,93.42597224873333,94.66777003319164,92.21327794333284,92.68865203857422,1533287,0.0,0
2020-07-09,94.38642314979857,96.0841951608767,94.38642314979857,95.72523498535156,1912580,0.0,0
2020-07-10,96.57897637925788,96.77300450530589,94.59985840643427,95.0655288696289,1077089,0.0,0
2020-07-13,96.25882179323561,96.96703110368202,95.71553712750155,96.86031341552734,1105722,0.0,0
2020-07-14,96.86031068329596,98.58719349667878,96.3558331367301,98.22823333740234,1916286,0.0,0
2020-07-15,101.16780298404618,101.84691619873045,100.5080970221319,101.84691619873047,2185118,0.0,0
2020-07-16,101.3327327060501,101.3327327060501,99.75138200410564,100.42079162597656,1411328,0.0,0
2020-07-17,101.84691680399959,102.81707220071566,100.1394412333038,101.031982421875,2713380,0.0,0
2020-07-20,101.23571752131653,102.35139774484651,101.21631766948667,101.97303771972656,919122,0.0,0
2020-07-21,102.6133329181623,103.18572845035065,101.85661289399657,102.92378234863281,1219477,0.0,0
2020-07-22,101.09018956542057,102.09915206808832,100.89616144639528,101.3618392944336,1273075,0.0,0
2020-07-23,100.65362322500631,101.06108671852162,99.47973607367028,100.3819808959961,964806,0.0,0
2020-07-24,99.69317527945297,100.89616595490118,99.48944352486325,99.84839630126953,1526346,0.0,0
2020-07-27,99.21779113859517,100.51780324493176,98.94614880638413,99.81929016113281,617430,0.0,0
2020-07-28,102.39020649272727,104.42753144567824,100.82825563506852,101.00288391113281,1657567,0.0,0
2020-07-29,100.89616342546528,101.00288111353194,99.6349584219676,100.31407165527344,967947,0.0,0
2020-07-30,100.89616313733552,101.53646926390694,100.21705730766745,101.38124084472656,1264424,0.0,0
2020-07-31,99.16929170742686,99.58645884877906,98.46107496915035,98.95585632324219,2010407,0.0,0
2020-08-03,99.05286119441057,100.63906728719176,98.47076945628935,99.9260025024414,1346948,0.0,0
2020-08-04,101.62378021332833,102.72975679964776,101.40064121005055,101.96333312988281,1501616,0.0,0
2020-08-05,100.99317703817844,101.43944764006608,100.1782500438702,100.88645935058594,1558485,0.0,0
2020-08-06,103.53650278389736,104.57682473501146,103.15009921555234,104.52728271484375,2317037,2.1647,0
2020-08-07,102.63489013577771,103.03120362273657,100.99019936961734,101.50540161132812,1665723,0.0,0
2020-08-10,101.06945976628242,101.34192575072937,99.840887247149,100.98028564453125,2314267,0.0,0
2020-08-11,102.24848573799729,103.19964112262836,101.61438718761056,101.84226989746094,1795535,0.0,0
2020-08-12,101.27752714280564,101.3865135414318,100.02914229612038,100.465087890625,1650669,0.0,0
2020-08-13,101.56485373116472,102.159320183151,99.73191235460241,100.5740737915039,1860071,0.0,0
2020-08-14,100.57407334920683,101.23789409168802,99.86071058634003,100.21739196777344,1767663,0.0,0
2020-08-17,99.64273552387048,100.27188288500706,99.2563319626183,99.94987487792969,1226264,0.0,0
2020-08-18,102.64480078632893,102.64480078632893,100.5344422248167,101.04964447021484,1757559,0.0,0
2020-08-19,101.68374521155604,102.62003197726872,100.73259735107422,100.73259735107422,1166480,0.0,0
2020-08-20,99.64273663460747,100.35609938919451,99.46439594596072,100.31646728515625,1207720,0.0,0
2020-08-21,100.8316726976961,101.12890970782638,99.50403118629684,99.78144836425781,1668888,0.0,0
2020-08-24,99.4743060819233,100.25702313054715,99.28605547708754,99.96969604492188,982921,0.0,0
2020-08-25,100.74250317775149,100.82176738600349,99.61301466683882,99.96969604492188,1038755,0.0,0
2020-08-26,99.17707157769651,99.9201565409046,98.15656943767223,98.37454223632812,1271758,0.0,0
2020-08-27,99.07799546884694,99.979608855958,98.64204986988763,99.19689178466797,2054188,0.0,0
2020-08-28,98.61232749649251,98.8996545899016,96.9775390625,96.9775390625,1668698,0.0,0
2020-08-31,97.1261577360636,97.85933278590365,96.80910845296647,97.096435546875,1225700,0.0,0
2020-09-01,95.66970689006827,96.99735591681878,95.26349105258217,96.58123016357422,1474627,0.0,0
2020-09-02,98.0872109410098,99.55356853156484,97.69089746580161,98.07730102539062,1106195,0.0,0
2020-09-03,98.49343604809573,98.57269269727777,97.16578701687152,97.40357208251953,1066756,0.0,0
2020-09-04,95.16441349525549,95.60035151603292,94.29252233559893,94.69874572753906,1347184,0.0,0
2020-09-07,95.19413605786039,97.23514026408898,95.19413605786039,97.0369873046875,1276517,0.0,0
2020-09-08,98.37454156880855,98.58260445000887,97.85933176474492,98.36463165283203,983372,0.0,0
2020-09-09,97.2054232399083,98.50334257875413,96.7991998247894,98.1664810180664,1828431,0.0,0
2020-09-10,99.93006526128131,100.31646883280209,99.15725811823974,99.52384185791016,1707804,0.0,0
2020-09-11,98.96900746703164,99.90034302825904,98.08226274792229,98.93928527832031,1683967,0.0,0
2020-09-14,101.55494270819887,103.2194532910465,101.55494270819887,102.77360534667969,2325272,0.0,0
2020-09-15,102.3475727891053,102.93212933657522,100.68306215561049,101.1883544921875,1802249,0.0,0
2020-09-16,102.74387502928805,103.21945271848547,101.51531004085022,101.83235931396484,2516893,0.0,0
2020-09-17,100.47499974488971,100.91093778875302,98.10702867737312,98.39435577392578,3320097,0.0,0
2020-09-18,100.54435171674312,100.91093545704052,99.60310623756767,99.64273834228516,4293414,0.0,0
2020-09-21,99.69228088068924,99.89043384625471,98.1664788568716,98.48352813720703,2536110,0.0,0
2020-09-22,97.0964317715045,97.38375885424098,95.21394841922638,96.10565185546875,1984372,0.0,0
2020-09-23,96.99735718714074,97.34412865271936,96.23445240381676,96.60104370117188,1401495,0.0,0
2020-09-24,95.37248149621018,96.49206013480041,95.17432096788588,96.29390716552734,1069854,0.0,0
2020-09-25,97.34413053551499,98.25564627953786,96.9874491471493,97.096435546875,1907324,0.0,0
2020-09-28,97.11624544584708,97.2747738630458,95.62017319355188,95.65980529785156,935901,0.0,0
2020-09-29,95.85795668937145,96.04620729194711,94.46095338214317,94.93653106689453,1179270,0.0,0
2020-09-30,93.51971745226196,95.04551945912304,93.06395958928543,93.45036315917969,1903424,0.0,0
2020-10-01,94.61948511344406,95.77869583940509,94.5204086303711,94.5204086303711,1452937,0.0,0
2020-10-02,93.83676583370902,93.92593995770737,92.1722552565657,92.73699951171875,1630809,0.0,0
2020-10-05,94.39159891787286,94.94644080890976,93.86648677380737,94.81763458251953,997517,0.0,0
2020-10-06,96.08584475359632,96.08584475359632,94.85727214908475,95.13468933105469,756876,0.0,0
2020-10-07,94.27271127390125,95.52109609458932,93.78723122770904,95.1842269897461,910800,0.0,0
2020-10-08,96.26418143529538,97.31440574010603,95.80841601643883,97.05680084228516,1158554,0.0,0
2020-10-09,97.10634358475845,97.23514225510165,95.96694514724211,96.60104370117188,1473662,0.0,0
2020-10-12,96.5415969844684,97.09643131594898,95.34275419877595,95.74897003173828,891576,0.0,0
2020-10-13,95.80841624016163,96.09574332704605,95.22385970960609,95.65980529785156,806377,0.0,0
2020-10-14,95.21394700270282,95.59539938123586,94.2528892889979,94.4510498046875,1215893,0.0,0
2020-10-15,95.28330114634524,96.7199365364367,94.92661977770534,95.38237762451172,1974953,0.0,0
2020-10-16,94.88698792607127,95.06532861086382,94.2132572900829,94.56993865966797,2071083,0.0,0
2020-10-19,95.01579365631196,95.62016999834724,94.25288890237529,94.67892456054688,1705683,0.0,0
2020-10-20,94.53032018460131,94.53032018460131,92.83607979077269,93.26211547851562,1815775,0.0,0
2020-10-21,93.97547779507889,94.68884057649294,93.62870632051686,94.42133331298828,1367905,0.0,0
2020-10-22,93.94575415927166,95.42201416199315,93.94575415927166,95.33284759521484,1430799,0.0,0
2020-10-23,94.91672212171407,95.0455207938038,93.88631006784279,94.5204086303711,959786,0.0,0
2020-10-26,94.12409299188637,94.75819153994973,93.71786959378746,93.7872314453125,858299,0.0,0
2020-10-27,93.0144164007976,93.10359052452692,91.00313436761927,91.44898986816406,1457876,0.0,0
2020-10-28,91.21119679675486,91.5976003599007,90.92386971356035,91.0923080444336,1002746,0.0,0
2020-10-29,90.0420813079342,90.37895042977122,89.204878579581,90.12134552001953,1359832,0.0,0
2020-10-30,91.0923092570806,92.07317927204298,90.99322521675934,91.57778930664062,1912989,0.0,0
2020-11-02,91.74621698085244,92.02363414265643,91.18147274173695,91.64714050292969,791565,0.0,0
2020-11-03,92.45958317085157,94.3222467261646,92.45958317085157,93.91603088378906,1001757,0.0,0
2020-11-04,93.34138064926255,93.7178743189542,91.76604411547372,91.87503051757812,1142639,0.0,0
2020-11-05,91.34990597956332,91.65705289619287,90.40866807527671,91.10221099853516,1533021,0.0,0
2020-11-06,92.13262546895432,92.8558981587115,91.41926269523523,92.53884887695312,1045049,0.0,0
2020-11-09,94.11418410834682,95.5210973639039,93.82685701950246,95.20404052734375,1211109,0.0,0
2020-11-10,95.96694908680718,96.54160328709976,94.13400764288903,94.56004333496094,1394559,0.0,0
2020-11-11,96.10565462495514,96.51187803058039,95.38238193942402,96.2641830444336,1619084,0.0,0
2020-11-12,96.54160195841247,96.64067844284557,94.99598007686144,95.5904541015625,1390634,0.0,0
2020-11-13,95.50127753209338,96.0957439825416,94.73838030651085,95.20404052734375,1232723,0.0,0
2020-11-16,96.30380455278494,96.93790309259687,96.10565159373778,96.9180908203125,70035,0.0,0
2020-11-17,96.48214771618855,98.08721393825473,96.39298115004372,97.8890609741211,1833962,0.0,0
2020-11-18,97.5323813148969,97.78007630396638,96.76947651549422,97.21533203125,1113768,0.0,0
2020-11-19,97.16578839209674,98.00794982910156,96.86855138654161,98.00794982910156,1521881,0.0,0
2020-11-20,98.0079460282319,98.85010743257666,97.78007088398782,98.5330581665039,1808661,0.0,0
2020-11-23,99.18697833375828,100.56416181697105,99.18697833375828,99.95978546142578,1213760,0.0,0
2020-11-24,101.05955196447853,102.50608974237417,100.96047548416668,102.17913055419922,1670794,0.0,0
2020-11-25,103.67520859198876,103.86345919272155,102.67451877200767,103.31852722167969,1491677,0.0,0
2020-11-26,102.30793456546304,102.75378249673348,101.81254461558444,101.91162109375,881718,0.0,0
2020-11-27,101.05955505371094,101.38651425188051,100.36601211127652,101.05955505371094,1105461,0.0,0
2020-11-30,101.61438869561296,102.17913296165254,100.465087890625,100.465087890625,2572209,0.0,0
2020-12-01,100.96047903855535,102.00079345703124,99.92015706102828,102.00079345703125,1307586,0.0,0
2020-12-02,103.63557672676396,104.03189020124553,102.86276960900284,104.02198028564453,1552493,0.0,0
2020-12-03,107.11321819451804,111.46274145640385,107.11321819451804,111.1655044555664,3149121,0.0,0
2020-12-04,111.07634162181947,112.55260164171784,110.28371463232907,112.15628814697266,1782551,0.0,0
2020-12-07,114.23692913420611,115.41595211262556,114.15766492550787,114.91065979003906,1636887,0.0,0
2020-12-08,113.9396909013929,115.14844361431669,113.08761956471058,113.95950317382812,1806277,0.0,0
2020-12-09,114.43508524777555,115.25743442779765,113.65236817319379,114.37564086914062,1202790,0.0,0
2020-12-10,114.38553995799117,114.72240906508354,113.64245501008118,114.32609558105469,1593313,0.0,0
2020-12-11,114.93047332763672,116.04014958447229,114.39545125161159,114.93047332763672,2140269,0.0,0
2020-12-14,115.12862248547468,115.22770652368702,112.58231841986448,112.88946533203125,1233982,0.0,0
2020-12-15,111.95813042233674,112.86964613018709,110.729565443971,111.38347625732422,1672584,0.0,0
2020-12-16,113.19660966578957,113.92978471470542,112.79038625658747,113.31550598144531,1212840,0.0,0
2020-12-17,113.41457926868854,115.36641693115236,113.2560508522819,115.36641693115234,1420174,0.0,0
2020-12-18,114.55397959821411,116.91203313856404,114.42517336798063,116.44636535644531,4245002,0.0,0
2020-12-21,116.46618583485166,117.50650024414062,114.90075170386318,117.50650024414062,1262095,0.0,0
2020-12-22,116.38692100991119,116.8823109809696,114.03876982583594,114.34591674804688,1225535,0.0,0
2020-12-23,113.93969516566082,114.75213442882784,113.18670028107518,113.79107666015625,970674,0.0,0
2020-12-24,115.1781643054787,115.30696297226095,113.75143881905652,114.28646087646484,404157,0.0,0
2020-12-29,115.05927111298892,115.17816742642941,113.55328893799783,114.21710968017578,626079,0.0,0
2020-12-30,113.51365869216573,114.71250152587892,113.51365869216573,114.7125015258789,667294,0.0,0
2020-12-31,114.72240715561576,115.00973423777806,112.78047943115234,112.78047943115234,436481,0.0,0
2021-01-04,113.44430012937431,114.53415652273718,113.0380767363745,114.29637145996094,662197,0.0,0
2021-01-05,116.23830407427032,117.1399174620995,115.59429559139964,116.70397186279297,1192086,0.0,0
2021-01-06,117.13991496803644,117.16963715661976,114.03876893562628,114.68277740478516,1058462,0.0,0
2021-01-07,117.60557637320204,124.93734947335672,117.54613199543614,124.50141143798828,2447100,0.0,0
2021-01-08,125.52191347606735,125.82905283969309,121.98482937970732,122.86662292480469,1628773,0.0,0
2021-01-11,122.87652782024108,122.96570194771567,120.82561359694047,121.27146911621094,1021576,0.0,0
2021-01-12,121.4894388272648,122.40590573530226,120.15187986253001,120.29059600830078,824088,0.0,0
2021-01-13,121.05349557803287,122.43067911501103,119.43852696765482,119.62677001953125,1219785,0.0,0
2021-01-14,119.7852971964269,119.88437367939304,116.53554017721054,118.55673217773438,1135105,0.0,0
2021-01-15,120.57791888042118,120.94451018922683,119.20073533192738,119.40879821777344,1135297,0.0,0
2021-01-18,117.30834435967515,117.8136442367872,115.96088306007695,117.69474792480469,836117,0.0,0
2021-01-19,117.6353045365645,119.09174468556823,116.63461468969511,118.5270004272461,815073,0.0,0
2021-01-20,118.71525447291916,119.50788146432653,118.12078800888924,118.69544219970703,765271,0.0,0
2021-01-21,119.7060317882943,120.82561039680287,118.72516176636022,120.75625610351562,1537054,0.0,0
2021-01-22,119.91409670704039,120.19151388490623,118.00189109212093,118.21986389160156,2388552,0.0,0
2021-01-25,118.41801533329786,120.79588870573619,118.41801533329786,120.64727020263672,798617,0.0,0
2021-01-27,117.12009547422795,117.90281253173484,115.5249391705451,115.97079467773438,1534816,0.0,0
2021-01-28,114.04867566001202,114.56387788549131,112.02253256507063,112.65167236328125,1461424,0.0,0
2021-01-29,113.57309955689512,113.64245384896272,108.14362982604247,109.29293060302734,1813955,0.0,0
2021-02-01,108.28233955964876,110.90790788845311,108.20802652939757,110.24407958984375,1212872,0.0,0
2021-02-02,112.80029314147187,114.14775444648987,112.20582669727003,113.96941375732422,1177075,0.0,0
2021-02-03,112.92910103138979,113.5235674843387,111.8887790694409,112.71112823486328,1191881,0.0,0
2021-02-04,112.78048565585156,113.27587564022159,111.75998349749752,113.22633361816406,1442107,0.0,0
2021-02-05,113.6820910343793,114.29637733375843,112.15628898163857,112.28509521484375,1328376,0.0,0
2021-02-08,113.23624191667118,116.31260944259073,113.04799130640355,116.1194076538086,1104151,0.0,0
2021-02-09,116.91203197473563,117.13991468507561,114.86111781787986,115.4952163696289,973226,0.0,0
2021-02-10,115.93116427349013,117.12009719199723,115.22771141481745,116.3472900390625,981072,0.0,0
2021-02-11,117.81364733768004,119.23045540774523,117.6055768964714,117.62539672851562,837674,0.0,0
2021-02-12,117.78391267886495,117.78391267886495,116.24820835771577,116.26802062988281,778965,0.0,0
2021-02-15,118.62608369740816,118.89359095106565,117.74428261019422,118.39820098876953,582147,0.0,0
2021-02-16,121.19220125997423,122.85671185194325,121.03368040119437,121.91547393798828,979152,0.0,0
2021-02-17,122.96569479103809,126.29471588134764,122.87652066875349,126.29471588134766,2085694,0.0,0
2021-02-18,126.27489798274165,127.79079005332281,123.03009978678242,126.3244400024414,1899579,0.0,0
2021-02-19,125.62098706728048,125.6308969830229,121.58851309192353,122.12353515625,3116844,0.0,0
2021-02-22,124.53113103356392,127.06752521943768,124.46177674126427,126.56222534179688,1757496,0.0,0
2021-02-23,127.80070930932864,128.900475642343,126.9783601487772,128.8013916015625,1523964,0.0,0
2021-02-24,127.41430456467049,127.41430456467049,125.13550771064506,125.28411865234375,1392134,0.0,0
2021-02-25,126.8396553102293,128.28618559251134,126.40370970687773,127.69172668457031,1364640,0.0,0
2021-02-26,125.78942075374768,126.76038842462317,125.31385061380746,126.01730346679688,2300765,0.0,0
2021-03-01,127.3152252607168,127.3251276178311,125.39310971337068,126.52259826660156,1403840,0.0,0
2021-03-02,127.40438866590705,129.0986290127407,125.88849656942003,126.00739288330078,1526016,0.0,0
2021-03-03,128.2663761515095,128.9995436227624,127.1566923516614,128.55369567871094,1468136,0.0,0
2021-03-04,123.9800033569336,124.19000244140625,120.3499984741211,121.66999816894531,3066096,1.1963,0
2021-03-05,118.94000244140625,119.37999725341797,116.55999755859375,117.68000030517578,1549269,0.0,0
2021-03-08,121.1500015258789,122.75,120.16999816894531,121.11000061035156,1032991,0.0,0
2021-03-09,122.5,123.63999938964844,120.87999725341797,121.20999908447266,907547,0.0,0
2021-03-10,118.77999877929688,118.95999908447266,114.48999786376953,114.48999786376953,1923119,0.0,0
2021-03-11,114.5,116.86000061035156,112.56999969482422,115.69999694824219,1865300,0.0,0
2021-03-12,117.55000305175781,117.98999786376953,116.37000274658203,116.6500015258789,1142825,0.0,0
2021-03-15,115.44000244140625,115.55000305175781,113.0999984741211,114.12999725341797,1178790,0.0,0
2021-03-16,114.37999725341797,114.82499694824219,112.83000183105469,112.86000061035156,1369948,0.0,0
2021-03-17,112.0,112.23999786376953,110.76000213623047,111.79000091552734,1420761,0.0,0
2021-03-18,111.80000305175781,112.30000305175781,110.56999969482422,110.80000305175781,1391940,0.0,0
2021-03-19,110.5,110.58000183105469,108.70999908447266,109.05999755859375,3273839,0.0,0
2021-03-22,109.0999984741211,109.25,106.75,107.80999755859375,1101389,0.0,0
2021-03-23,108.5,108.98999786376953,107.51000213623047,107.76000213623047,1095189,0.0,0
2021-03-24,107.29000091552734,110.27999877929688,107.2300033569336,109.69999694824219,1381415,0.0,0
2021-03-25,110.05999755859375,110.38999938964844,107.7300033569336,108.0,1180698,0.0,0
2021-03-26,109.05999755859375,110.96499633789062,108.5999984741211,110.33000183105469,1334913,0.0,0
2021-03-29,111.80999755859375,112.80999755859375,110.5999984741211,112.26000213623047,1228394,0.0,0
2021-03-30,112.66000366210938,112.66000366210938,109.45999908447266,109.5999984741211,945191,0.0,0
2021-03-31,111.33000183105469,112.37000274658203,110.75,110.75,1444426,0.0,0
2021-04-01,112.13999938964844,112.86000061035156,111.80000305175781,112.0,1196439,0.0,0
2021-04-06,114.16000366210938,114.16000366210938,112.0199966430664,112.12000274658203,1119320,0.0,0
2021-04-07,112.54000091552734,113.94000244140625,111.80000305175781,113.44000244140625,1019534,0.0,0
2021-04-08,115.12999725341797,116.1500015258789,114.73999786376953,115.87999725341797,1183500,0.0,0
2021-04-09,115.80000305175781,116.1500015258789,114.93000030517578,115.5,1146029,0.0,0
2021-04-12,114.87000274658203,116.33999633789062,114.5,114.87999725341797,894861,0.0,0
2021-04-13,115.37000274658203,115.4000015258789,113.5,113.52999877929688,1286850,0.0,0
2021-04-14,113.5999984741211,114.61499786376953,112.66999816894531,114.33000183105469,1174426,0.0,0
2021-04-15,115.5999984741211,118.05000305175781,115.5,117.70999908447266,1727816,0.0,0
2021-04-16,118.5,119.43000030517578,117.5,118.87999725341797,2261897,0.0,0
2021-04-19,119.75,121.0,119.33000183105469,120.8499984741211,1375445,0.0,0
2021-04-20,121.0,121.91000366210938,119.63999938964844,120.19999694824219,1577219,0.0,0
2021-04-21,119.0,120.16999816894531,117.7300033569336,120.08999633789062,1340004,0.0,0
2021-04-22,120.33999633789062,121.18000030517578,119.55000305175781,120.52999877929688,982502,0.0,0
2021-04-23,119.0,121.2300033569336,118.58000183105469,121.1500015258789,1016004,0.0,0
2021-04-26,121.5,122.87999725341797,121.08999633789062,122.51000213623047,762187,0.0,0
2021-04-27,123.25,123.80000305175781,122.41999816894531,123.63999938964844,1052288,0.0,0
2021-04-28,122.41999816894531,122.94999694824219,121.9000015258789,122.13999938964844,1334041,0.0,0
2021-04-29,122.4800033569336,123.58999633789062,121.5999984741211,123.22000122070312,1032531,0.0,0
2021-04-30,122.06999969482422,122.80999755859375,120.9800033569336,121.1500015258789,1127546,0.0,0
2021-05-03,121.0,121.5999984741211,119.68000030517578,120.08999633789062,621079,0.0,0
2021-05-04,121.68000030517578,123.12999725341797,121.25,123.12999725341797,878318,0.0,0
2021-05-05,122.93000030517578,125.6500015258789,122.75,124.54000091552734,1036435,0.0,0
2021-05-06,126.0,127.2699966430664,123.5199966430664,125.76000213623047,1428091,0.0,0
2021-05-07,125.76000213623047,127.11000061035156,125.76000213623047,127.11000061035156,1236446,0.0,0
2021-05-10,129.5,132.94000244140625,129.3000030517578,132.94000244140625,1566497,0.0,0
2021-05-11,131.02000427246094,131.49000549316406,128.69000244140625,130.61000061035156,1207471,0.0,0
2021-05-12,131.4199981689453,131.85000610351562,128.69500732421875,130.0399932861328,1183452,0.0,0
2021-05-13,129.86000061035156,131.8800048828125,127.38999938964844,128.0,1257090,0.0,0
2021-05-14,127.87999725341797,129.38999938964844,124.9000015258789,125.43000030517578,1902644,0.0,0
2021-05-17,125.76000213623047,126.5999984741211,124.5999984741211,126.04000091552734,636862,0.0,0
2021-05-18,128.4499969482422,129.97999572753906,127.12000274658203,128.7100067138672,1102781,0.0,0
2021-05-19,125.33999633789062,125.38999938964844,122.72000122070312,123.87999725341797,1282213,0.0,0
2021-05-20,121.36000061035156,123.44000244140625,121.05000305175781,123.26000213623047,1237730,0.0,0
2021-05-21,123.12999725341797,123.13999938964844,120.02999877929688,122.12000274658203,2581934,0.0,0
2021-05-24,121.12000274658203,122.01000213623047,119.19999694824219,119.5,865153,0.0,0
2021-05-25,120.0,121.77999877929688,119.80999755859375,121.44999694824219,891760,0.0,0
2021-05-26,120.08000183105469,120.25,118.37000274658203,118.73999786376953,1040998,0.0,0
2021-05-27,119.5,120.95999908447266,119.2300033569336,119.87000274658203,1613256,0.0,0
2021-05-28,123.3499984741211,125.6500015258789,123.0199966430664,123.0199966430664,1611243,0.0,0
2021-05-31,124.73999786376953,124.98999786376953,123.0,123.7300033569336,861450,0.0,0
2021-06-01,124.0,125.3499984741211,124.0,124.5999984741211,688727,0.0,0
2021-06-02,127.8499984741211,128.5,126.94000244140625,126.94999694824219,1257426,0.0,0
2021-06-03,127.0,128.52499389648438,126.0,127.01000213623047,1138015,0.0,0
2021-06-04,124.66999816894531,125.0,123.0,124.62000274658203,1459223,0.0,0
2021-06-07,126.05000305175781,127.8499984741211,125.33000183105469,125.33000183105469,930420,0.0,0
2021-06-08,124.9800033569336,125.31999969482422,123.37999725341797,124.16000366210938,1205835,0.0,0
2021-06-09,125.05000305175781,125.7699966430664,124.18000030517578,124.80000305175781,993635,0.0,0
2021-06-10,124.5999984741211,125.4000015258789,123.36000061035156,124.91999816894531,981133,0.0,0
2021-06-11,125.37999725341797,125.97000122070312,123.8499984741211,124.94000244140625,1137469,0.0,0
2021-06-15,126.54000091552734,127.36000061035156,125.5199966430664,126.4800033569336,1047634,0.0,0
2021-06-16,126.2300033569336,126.83000183105469,124.88999938964844,125.70999908447266,1596987,0.0,0
2021-06-17,125.30000305175781,125.30000305175781,122.5999984741211,124.2300033569336,1976232,0.0,0
2021-06-18,123.38999938964844,124.37999725341797,122.12999725341797,123.47000122070312,3070215,0.0,0
2021-06-21,121.4000015258789,121.5199966430664,119.83999633789062,120.05000305175781,933304,0.0,0
2021-06-22,121.8499984741211,122.54000091552734,121.16000366210938,121.98999786376953,1046043,0.0,0
2021-06-23,122.01000213623047,123.4000015258789,121.2699966430664,122.8499984741211,1010049,0.0,0
2021-06-24,123.5,124.80000305175781,122.91000366210938,124.36000061035156,995455,0.0,0
2021-06-25,125.0,126.37000274658203,124.94999694824219,125.22000122070312,851260,0.0,0
